# Image list with two lines of data per image:
#   IMAGE_ID, QW, QX, QY, QZ, TX, TY, TZ, CAMERA_ID, NAME
#   POINTS2D[] as (X, Y, POINT3D_ID)
# Number of images: 100, mean observations per image: 428.167
0 -0.040391 0.0200387 0.977935 -0.203986 0.9366665022482246 1.1071804995323005 4.502972444160491 0 IMG_2331.JPG

1 -0.0724123 0.017850099999999997 0.978764 -0.19093999999999997 0.9570360302264702 0.9621213386328643 4.4560060801241335 1 IMG_2332.JPG

2 -0.0871594 0.007691550000000002 0.977705 -0.19088400000000003 0.8535299486876303 0.9652669312690422 4.455324483614013 2 IMG_2333.JPG

3 -0.166838 0.013160400000000001 0.968135 -0.18629800000000002 1.3751223372719228 0.8875873863341779 4.318727369472955 3 IMG_2334.JPG

4 -0.19501 0.007464240000000001 0.960801 -0.196919 1.4216914714264353 0.9772468951453084 4.248054423339483 4 IMG_2335.JPG

5 -0.206741 0.018215199999999997 0.955409 -0.21005 1.181364485744879 1.0771734576114795 4.195526115886057 5 IMG_2336.JPG

6 -0.221886 0.015526599999999996 0.953229 -0.204646 1.0483599366065157 1.049759945990501 4.195339743617241 6 IMG_2337.JPG

7 -0.2723979999999999 0.010843899999999997 0.942958 -0.191083 1.1891733581567827 0.905892309925729 4.082581589615308 7 IMG_2338.JPG

8 -0.273413 0.014730799999999999 0.942216 -0.19302099999999997 1.0332290916718108 0.9051892837458779 4.0315764343439575 8 IMG_2339.JPG

9 -0.285187 0.014325499999999996 0.941664 -0.17813599999999996 1.013471371031803 0.7740220066299307 4.0074454315123464 9 IMG_2340.JPG

10 -0.310111 0.0136588 0.932176 -0.186259 1.0883696273159669 0.8320387389750167 3.8770686663106653 10 IMG_2341.JPG

11 -0.310496 0.010059 0.929971 -0.19658400000000004 0.9435189516792597 0.9055168111848071 3.8266838861315664 11 IMG_2342.JPG

12 -0.318559 0.023004400000000005 0.927358 -0.19493099999999997 0.8655699808625916 0.9030129828406992 3.7529499161084723 12 IMG_2343.JPG

13 -0.346024 0.029580800000000008 0.917924 -0.191852 0.921543713788092 0.8668111858032349 3.59415096739816 13 IMG_2344.JPG

14 -0.34331800000000007 0.025377900000000002 0.918198 -0.195963 0.7612619390712023 0.8810209074999802 3.4945143737660773 14 IMG_2345.JPG

15 -0.395869 0.047906500000000005 0.894493 -0.202174 0.9881978625589742 0.9173674618161496 3.2927526880211824 15 IMG_2346.JPG

16 -0.37817900000000004 0.0606952 0.897586 -0.218258 0.6874610220311221 1.0145111440810788 3.2040549892491574 16 IMG_2347.JPG

17 -0.40871599999999997 0.04329849999999998 0.888736 -0.203038 0.6533112186492311 0.9009141368133526 3.2086560550420886 17 IMG_2348.JPG

18 -0.43259100000000006 0.042412 0.880397 -0.189652 0.6085749973769365 0.8149291167148811 3.2319654070254034 18 IMG_2349.JPG

19 -0.436557 0.042849099999999994 0.879034 -0.18676600000000002 0.3383403999975574 0.8046698245137291 3.2770539724314736 19 IMG_2350.JPG

20 -0.48636399999999996 0.03635819999999999 0.852699 -0.18717 0.3898930620224441 0.8109761134012514 3.261400528675311 20 IMG_2351.JPG

21 0.5265598553475568 -0.04927941353765491 -0.8310442282979681 0.17225604732083355 0.39177616931107684 0.7789552886591906 3.246611441064676 21 IMG_2352.JPG

22 0.5669335471381016 -0.04408213521242232 -0.8065106442336171 0.1618171292581012 0.39277154028849925 0.7322758898763899 3.2689445824064154 22 IMG_2353.JPG

23 0.5944271108359376 -0.04315679195305144 -0.7844338537356789 0.1716309679979556 0.3073498972588177 0.7783007713378096 3.1185789290723864 23 IMG_2354.JPG

24 0.6638022120343906 -0.044545485771096016 -0.7334717657114036 0.139287955508063 0.5702796445183123 0.637323659583579 3.0081980937265036 24 IMG_2355.JPG

25 0.6183417703800301 -0.037347313868844545 -0.7713952864559781 0.14563105407977825 0.0043207010980651495 0.6301384021580927 3.0259721304787544 25 IMG_2356.JPG

26 0.7105194905959653 -0.04434653179404129 -0.6894144942725398 0.133805095930946 0.575314814669563 0.6459287676662677 2.9255742253100854 26 IMG_2357.JPG

27 0.6210094762590906 -0.019932084713850294 -0.7695684098089545 0.14735488699180774 -0.3045895571356463 0.5666471806444064 2.9020257807780654 27 IMG_2358.JPG

28 0.7386174944392462 -0.04525733097721741 -0.6614834527645861 0.12180408337105812 0.42903057131270317 0.6285996907306474 2.8974439634384033 28 IMG_2359.JPG

29 0.6333405852939159 -0.026181617143491293 -0.7594214972624784 0.14654009595315853 -0.45908957864989075 0.5972587240935108 2.8956736491185895 29 IMG_2360.JPG

30 0.794536137339964 -0.040478293003102066 -0.5953468970909797 0.1124089805694829 0.6714717861051387 0.6134178354372838 2.927779051410299 30 IMG_2361.JPG

31 0.6308960704476689 -0.028151341477681915 -0.7620001227173221 0.14330121113743585 -0.8070582802294204 0.5840196241051259 2.8976081881847255 31 IMG_2362.JPG

32 0.8158369889222908 -0.03669390049824212 -0.5670720076998944 0.10720500145566556 0.5520460132283498 0.6013090126981352 2.950930071695879 32 IMG_2363.JPG

33 0.6780777009168714 -0.027052311932093485 -0.7228103188134278 0.13047805755058514 -0.7540276608657974 0.5549954863496657 2.9177025572162507 33 IMG_2364.JPG

34 0.8445833630111063 -0.027356088242050977 -0.5262847737969887 0.09462915932734164 0.5949585829968173 0.5399126461850672 2.963327911690339 34 IMG_2365.JPG

35 0.7215818129830532 -0.04382971135962203 -0.6772591755295214 0.13681703545973184 -0.6461093362750254 0.6923533283607654 2.921261517694805 35 IMG_2366.JPG

36 0.8455208974182424 -0.028421603448214806 -0.525320063733787 0.09124431107009973 0.3223830633045298 0.5306810962982186 2.8946705741355485 36 IMG_2367.JPG

37 0.7658154812797858 -0.0987238379565723 -0.6160346128503535 0.15582390207178728 -0.44067641364218557 1.038899039231638 2.7469665731889332 37 IMG_2368.JPG

38 0.8293553121683372 -0.05982537748179173 -0.5411417963148052 0.12552295275329448 -0.12693890974306798 0.8368695329296412 3.021208029431012 38 IMG_2369.JPG

39 0.8501026392681005 -0.06591712797121148 -0.5114662170350887 0.10669104527317681 -0.2164651626854679 0.8510774594468205 3.0529421020299097 39 IMG_2370.JPG

40 0.8727343115856967 -0.05624977991756154 -0.47345483096596064 0.1049339625362117 -0.12254392953310722 0.8186906338463432 3.088528385713582 40 IMG_2371.JPG

41 0.8891372887615894 -0.060719980280206524 -0.44407585577919945 0.09243626997982961 -0.11186894224047683 0.8415177084716328 3.1334286374011846 41 IMG_2372.JPG

42 0.886044502403903 -0.06436893614910236 -0.4502992528846173 0.08951315026990074 -0.33570927464914346 0.8679955169850408 3.133192403212309 42 IMG_2373.JPG

43 0.8983752541433897 -0.06647778119394614 -0.4250128797671196 0.08869357490926866 -0.3386528704931726 0.9071207453911854 3.1483988770020934 43 IMG_2374.JPG

44 0.9098212183793694 -0.06553818426922729 -0.40182690355168127 0.08040618070054324 -0.35411589381217956 0.9210998045524855 3.2103791098108125 44 IMG_2375.JPG

45 0.9199418206502844 -0.06359201239774827 -0.37868107382676613 0.07914421542976897 -0.3768690825265635 0.9299201525401517 3.2333906635486622 45 IMG_2376.JPG

46 0.9222181110509108 -0.06471849220678028 -0.37522495481646095 0.06731619189397256 -0.523984930552823 0.9391619154537048 3.2574395955005393 46 IMG_2377.JPG

47 0.9343165639832679 -0.062416729127949364 -0.34642616166633267 0.05608692617402687 -0.5094452326440977 0.9328252658142034 3.2927713829267518 47 IMG_2378.JPG

48 0.9391470023148399 -0.05664479986038006 -0.33458799917529664 0.05333989986852609 -0.6225029986312105 0.9119839986672669 3.3233199930936923 48 IMG_2379.JPG

49 0.9399379143336171 -0.03998110364389623 -0.33595203061882306 0.04532640413106939 -0.8158770634196795 0.7975120415162144 3.3214502517708593 49 IMG_2380.JPG

50 0.9453823203981763 -0.057957980357536736 -0.3179198922541854 0.04266158554161788 -0.8684687618319153 0.921086842736303 3.2534591516134252 50 IMG_2381.JPG

51 0.9583598586027849 -0.04973360733773694 -0.2781450410377459 0.04133170609811358 -0.7830840729367244 0.875358056633748 3.2835602933580756 51 IMG_2382.JPG

52 0.9557353063910217 -0.03834848770618181 -0.28756690781135075 0.04903708427961479 -1.025419789568467 0.7730528617819865 3.1696993540155143 52 IMG_2383.JPG

53 0.9647546740740622 -0.0204282069013195 -0.2597970877679924 0.03655991235113963 -1.000840175949702 0.6329500898023446 3.0824605398276264 53 IMG_2384.JPG

54 0.9773079476394071 0.015974200855839334 -0.20906801120110038 0.030076101611367662 -0.949644017408596 0.4063300070061936 3.1511800579483134 54 IMG_2385.JPG

55 0.7041362146211981 -0.015831795174456563 -0.07215367800750307 0.706211784746101 -1.0019294340346818 -0.048722974338582775 3.284619994875584 55 IMG_2386.JPG

56 0.64015618039819 0.20643926430702886 -0.25225932297108006 0.6956648906693256 -0.7200617333489904 -1.965212486151012 2.7352402063566097 56 IMG_2387.JPG

57 0.9951453219607074 -0.01044599662039154 -0.09622156886929606 0.017834594229947823 -0.7545209814124799 0.6555749823929863 3.3977299158932746 57 IMG_2388.JPG

58 0.9999999337149852 0.00036005902386651773 -4.885910323862638e-05 -2.324500154079527e-05 -0.3357629999999792 0.6093100000000369 3.528110000000245 58 IMG_2389.JPG

59 0.9968720626843296 0.0249170984331874 -0.07215779546264411 0.020456798713655605 -1.0980499964022599 0.39923399826363737 3.4094099894931094 59 IMG_2390.JPG

60 0.9886304809257249 -0.11342594482318487 0.09461555397362624 -0.028146086308146665 -0.09317991501590661 1.4653098931936643 3.4047897014736916 60 IMG_2391.JPG

61 0.9834227056636174 -0.09260302771588645 -0.1537520460176557 0.025783507716948244 -1.917530130456528 1.1787401155504253 2.952970220507036 61 IMG_2392.JPG

62 0.986251653836256 0.020428207170078923 0.1625580570561131 -0.02156990757080337 0.090098006645154 0.49845503658227486 3.7797902819897153 62 IMG_2393.JPG

63 0.9897644383929896 -0.014126993742776036 0.1398499380567161 -0.0246730890716279 -0.39972297280230296 0.781682955244662 3.7823197307490384 63 IMG_2394.JPG

64 0.982266401798913 -0.0042979182419233914 0.18563292406628434 -0.02597368937538288 -0.246150973116549 0.698917941302743 3.7959395760445815 64 IMG_2395.JPG

65 0.9724207196419767 -0.011829703410613577 0.2301980663682447 -0.03559331026188257 -0.1282420141596059 0.7498850684321825 3.7432904472879835 65 IMG_2396.JPG

66 0.9604479671681094 0.0018833100643789451 0.27427600937583285 -0.04805030164254831 -0.07359480144033648 0.6837050132612821 3.8659500756402947 66 IMG_2397.JPG

67 0.9478537646187517 -0.014804503676412778 0.3133790778216461 -0.05610411393237394 0.0616477121757506 0.8213221277450111 3.89722071032862 67 IMG_2398.JPG

68 0.9412412112825054 0.007231608376704441 0.33272992531135787 -0.05747548709834685 -0.034404893836446515 0.6565988771687623 3.9176492896962127 68 IMG_2399.JPG

69 0.9525701548563182 0.022590496327533842 0.2996549512860341 -0.04802759219230492 -0.6063699348249179 0.5410119263601963 3.9448395712007738 69 IMG_2400.JPG

70 0.9330410750816011 0.03598359710440797 0.3545139714723398 -0.0495918960093512 -0.3939229726597022 0.4303119566217302 4.024829709742891 70 IMG_2401.JPG

71 0.9183982992731043 0.0089331370890097 0.39069387268682193 -0.06183007985178546 -0.3118018925761674 0.6573677779977696 4.028318612725724 71 IMG_2402.JPG

72 0.9057248641890041 0.001218400182695787 0.4184530627458966 -0.06751351012346689 -0.36528606461648483 0.7143181144542328 3.9950507082285522 72 IMG_2403.JPG

73 0.901698589059475 0.00410038732130713 0.42521872221395934 -0.07817694892871838 -0.5873685333861376 0.7256994274173908 3.888956910092409 73 IMG_2404.JPG

74 0.864834398590446 0.004560457898145835 0.4933297726308932 -0.09309225709502138 -0.22483184366528852 0.7323334964382856 3.8265073391017053 74 IMG_2405.JPG

75 0.8587158590471881 0.014646202404081687 0.5036940826782048 -0.09319291529702889 -0.40682710315270953 0.6652671793823921 3.7564809533241204 75 IMG_2406.JPG

76 0.8435610173940413 0.016621199657274533 0.529017989091766 -0.09093129812501674 -0.43236298538980944 0.6231229780451697 3.6983998749422757 76 IMG_2407.JPG

77 0.8216961580446129 0.007048348644324018 0.5589308924955012 -0.11118397861492708 -0.3640938770642246 0.7411137554542191 3.616628778441831 77 IMG_2408.JPG

78 0.8463123543439266 0.010822795468583876 0.5238027806880511 -0.09627395969087887 -0.9935293235517305 0.6644155525134259 3.4634176413803752 78 IMG_2409.JPG

79 0.8347065074625594 0.004297422535789803 0.5392413181913398 -0.11165006588160599 -1.1037311013196411 0.761219706769376 3.3688933711257683 79 IMG_2410.JPG

80 0.8151603273726442 -0.0011689395305475958 0.5653437729548974 -0.1260889493619992 -1.1482191776998365 0.8554814607101089 3.3635275743679167 80 IMG_2411.JPG

81 0.7880344588845337 -0.007521985619830028 0.6028736489372372 -0.12445092753027681 -1.117318777130488 0.8519542414236811 3.3859262513410755 81 IMG_2412.JPG

82 0.593820137754583 -0.005528408717517693 0.7909178165225927 -0.14763396575181806 0.8765206282593787 0.7935387212280707 3.467058520458687 82 IMG_2413.JPG

83 0.5568044913896596 0.008526942474818144 0.8182532778765962 -0.1426758740859455 0.9176606152790674 0.6834660805785522 3.5332046443149263 83 IMG_2414.JPG

84 0.7799401423710348 -0.012601497699709892 0.6117038883389548 -0.13172997595387725 -1.33269953777544 0.9131877546214366 3.357008816338181 84 IMG_2415.JPG

85 0.7317859916704064 -0.02890860032905371 0.6666600075882936 -0.1386290015779521 -1.0769000240945705 0.9992830157730273 3.5076600808761995 85 IMG_2416.JPG

86 0.6885392686305626 -0.02412129058918106 0.7088857234312499 -0.15103794107318963 -0.9381302774871161 1.0316194186715664 3.593727156188918 86 IMG_2417.JPG

87 0.6529072723955524 -0.034809985477127325 0.7394676914909624 -0.16027293313345678 -0.9029292764914144 1.1375093588727374 3.7400268848250895 87 IMG_2418.JPG

88 0.5388722840572152 -0.011806393776460188 0.8233625659784186 -0.17762490636804984 -0.1312878890758491 1.1370592323947961 4.048426434469594 88 IMG_2419.JPG

89 0.495686 -0.012408900000000004 0.851822 -0.16894200000000004 0.049388013136262066 1.071471797583011 4.178279055278492 89 IMG_2420.JPG

90 0.49163999999999997 -0.021993599999999995 0.852391 -0.17673399999999997 -0.21297433618778516 1.2131670885118457 4.293715875236688 90 IMG_2421.JPG

91 0.43983000000000005 -0.00793403 0.881052 -0.17387600000000003 0.03353846960595552 1.118626790081068 4.403963740878876 91 IMG_2422.JPG

92 0.44462699999999994 0.012265499999999997 0.882405 -0.15335399999999996 -0.3461936038997795 0.896814096570219 4.516494833309931 92 IMG_2423.JPG

93 0.40497999999999995 0.0021419900000000007 0.898004 -0.17197599999999996 -0.2436072588299676 1.073780926814961 4.522514836309316 93 IMG_2424.JPG

94 0.366511 0.017546299999999997 0.916568 -0.158946 -0.1673643652217387 0.8950309603022781 4.6333325415446 94 IMG_2425.JPG
 716.000 123.000 0 420.000 134.000 1 718.000 135.000 2 428.000 144.000 3 428.000 153.000 4 442.000 158.000 5 428.000 164.000 6 456.000 164.000 7 441.000 169.000 8 428.000 170.000 9 452.000 170.000 10 337.000 174.000 11 437.000 178.000 12 1100.000 178.000 13 458.000 180.000 14 498.000 180.000 15 452.000 184.000 16 489.000 188.000 17 506.000 188.000 18 430.000 189.000 19 452.000 189.000 20 463.000 193.000 21 503.000 193.000 22 470.000 194.000 23 393.000 195.000 24 429.000 195.000 25 437.000 204.000 26 465.000 205.000 27 450.000 207.000 28 474.000 207.000 29 238.000 210.000 30 467.000 212.000 31 710.000 213.000 32 480.000 215.000 33 466.000 217.000 34 511.000 218.000 35 443.000 219.000 36 449.000 219.000 37 433.000 221.000 38 757.000 221.000 39 19.000 222.000 40 457.000 222.000 41 504.000 227.000 42 437.000 229.000 43 528.000 229.000 44 466.000 230.000 45 271.000 231.000 46 445.000 232.000 47 508.000 234.000 48 559.000 236.000 49 445.000 237.000 50 518.000 237.000 51 336.000 240.000 52 459.000 240.000 53 509.000 241.000 54 470.000 243.000 55 454.000 245.000 56 59.000 246.000 57 705.000 246.000 58 16.000 247.000 59 419.000 248.000 60 454.000 251.000 61 826.000 251.000 62 534.000 252.000 63 515.000 254.000 64 396.000 256.000 65 432.000 256.000 66 478.000 256.000 67 23.000 258.000 68 240.000 259.000 69 464.000 259.000 70 565.000 259.000 71 799.000 259.000 72 33.000 265.000 73 442.000 265.000 74 459.000 266.000 75 486.000 267.000 76 475.000 268.000 77 586.000 269.000 78 678.000 269.000 79 8.000 271.000 80 493.000 276.000 81 732.000 277.000 82 486.000 280.000 83 586.000 281.000 84 51.000 282.000 85 442.000 283.000 86 419.000 285.000 87 15.000 287.000 88 568.000 290.000 89 674.000 291.000 90 690.000 292.000 91 433.000 294.000 92 442.000 295.000 93 419.000 296.000 94 455.000 297.000 95 691.000 301.000 96 478.000 306.000 97 436.000 307.000 98 457.000 309.000 99 492.000 309.000 100 470.000 311.000 101 842.000 315.000 102 605.000 316.000 103 915.000 318.000 104 447.000 320.000 105 640.000 321.000 106 712.000 321.000 107 975.000 321.000 108 149.000 322.000 109 600.000 324.000 110 925.000 328.000 111 510.000 330.000 112 72.000 331.000 113 835.000 331.000 114 525.000 332.000 115 642.000 332.000 116 842.000 332.000 117 440.000 333.000 118 570.000 334.000 119 850.000 334.000 120 420.000 335.000 121 470.000 335.000 122 582.000 336.000 123 483.000 337.000 124 459.000 341.000 125 490.000 344.000 126 567.000 344.000 127 592.000 344.000 128 291.000 345.000 129 420.000 345.000 130 524.000 345.000 131 535.000 347.000 132 637.000 347.000 133 650.000 348.000 134 443.000 350.000 135 837.000 350.000 136 499.000 351.000 137 504.000 353.000 138 552.000 355.000 139 837.000 355.000 140 264.000 358.000 141 482.000 359.000 142 768.000 359.000 143 11.000 360.000 144 837.000 360.000 145 778.000 361.000 146 496.000 362.000 147 526.000 362.000 148 419.000 364.000 149 792.000 364.000 150 478.000 365.000 151 486.000 366.000 152 442.000 367.000 153 528.000 368.000 154 458.000 369.000 155 683.000 369.000 156 486.000 372.000 157 538.000 373.000 158 586.000 373.000 159 511.000 375.000 160 791.000 375.000 161 520.000 376.000 162 610.000 377.000 163 427.000 378.000 164 63.000 383.000 166 216.000 383.000 167 271.000 383.000 168 385.000 383.000 169 337.000 384.000 170 597.000 385.000 171 419.000 388.000 172 592.000 389.000 173 368.000 390.000 174 557.000 391.000 175 773.000 392.000 176 290.000 396.000 177 713.000 397.000 178 641.000 399.000 179 269.000 400.000 180 522.000 400.000 181 332.000 401.000 182 616.000 409.000 183 644.000 409.000 184 796.000 410.000 185 671.000 412.000 186 598.000 413.000 187 696.000 414.000 188 369.000 415.000 189 288.000 416.000 190 709.000 416.000 191 412.000 417.000 192 783.000 417.000 193 638.000 419.000 194 647.000 419.000 195 480.000 426.000 196 464.000 427.000 197 643.000 430.000 198 664.000 431.000 199 622.000 432.000 200 840.000 432.000 201 705.000 433.000 202 717.000 439.000 203 695.000 440.000 204 843.000 443.000 205 674.000 446.000 206 640.000 447.000 207 686.000 448.000 208 696.000 449.000 209 834.000 453.000 210 844.000 454.000 211 674.000 461.000 212 687.000 462.000 213 110.000 489.000 214 786.000 507.000 215 177.000 516.000 216 133.000 522.000 217 800.000 522.000 218 576.000 527.000 219 963.000 549.000 220 1001.000 550.000 221 122.000 555.000 222 632.000 561.000 223 212.000 563.000 224 673.000 567.000 225 1050.000 569.000 226 1006.000 577.000 227 592.000 587.000 228 664.000 603.000 229 712.000 606.000 230 655.000 610.000 231 782.000 610.000 232 790.000 610.000 233 892.000 611.000 234 802.000 612.000 235 900.000 615.000 236 810.000 617.000 237 908.000 619.000 238 1024.000 620.000 239 1045.000 620.000 240 818.000 621.000 241 1078.000 622.000 242 915.000 624.000 243 826.000 626.000 244 932.000 627.000 245 941.000 628.000 246 950.000 628.000 247 834.000 630.000 248 843.000 635.000 249 851.000 640.000 250 910.000 640.000 251 179.000 641.000 252 482.000 642.000 253 869.000 644.000 254 747.000 653.000 255 913.000 653.000 256 485.000 656.000 257 935.000 656.000 258 198.000 657.000 259 472.000 658.000 260 851.000 659.000 261 692.000 661.000 262 911.000 665.000 263 919.000 665.000 264 472.000 669.000 265 715.000 669.000 266 647.000 670.000 267 443.000 673.000 268 492.000 673.000 269 577.000 675.000 270 740.000 676.000 271 773.000 676.000 272 923.000 676.000 273 850.000 677.000 274 845.000 678.000 275 572.000 680.000 276 643.000 680.000 277 899.000 681.000 278 527.000 682.000 279 667.000 682.000 280 805.000 684.000 281 938.000 687.000 282 451.000 688.000 283 835.000 689.000 284 579.000 690.000 285 459.000 692.000 286 482.000 692.000 287 565.000 692.000 288 469.000 693.000 289 768.000 694.000 290 779.000 695.000 291 799.000 695.000 292 421.000 696.000 293 649.000 697.000 294 710.000 697.000 295 820.000 697.000 296 767.000 699.000 297 734.000 700.000 298 661.000 701.000 299 836.000 701.000 300 671.000 702.000 301 726.000 702.000 302 740.000 706.000 303 554.000 711.000 304 543.000 714.000 305
95 0.343008 0.009765720000000002 0.92421 -0.16759000000000002 -0.19053026419621277 0.9983851605488778 4.615866384693669 95 IMG_2426.JPG
 355.000 159.000 1 560.000 160.000 2 364.000 169.000 3 363.000 178.000 4 378.000 182.000 5 362.000 190.000 6 392.000 188.000 7 377.000 193.000 8 362.000 195.000 9 388.000 194.000 10 293.000 198.000 11 372.000 203.000 12 911.000 200.000 13 396.000 204.000 14 439.000 203.000 15 387.000 207.000 16 428.000 211.000 17 446.000 210.000 18 365.000 213.000 19 388.000 213.000 20 398.000 216.000 21 441.000 215.000 22 407.000 217.000 23 333.000 220.000 24 361.000 219.000 25 371.000 227.000 26 403.000 229.000 27 384.000 231.000 28 412.000 231.000 29 402.000 235.000 31 670.000 230.000 32 418.000 238.000 33 399.000 240.000 34 451.000 240.000 35 384.000 243.000 37 366.000 244.000 38 601.000 247.000 39 36.000 244.000 40 391.000 244.000 41 440.000 249.000 42 469.000 251.000 44 399.000 253.000 45 243.000 253.000 46 378.000 255.000 47 448.000 257.000 48 502.000 257.000 49 379.000 261.000 50 458.000 259.000 51 290.000 263.000 52 396.000 264.000 53 447.000 263.000 54 405.000 265.000 55 387.000 268.000 56 73.000 267.000 57 33.000 269.000 59 351.000 271.000 60 388.000 274.000 61 669.000 276.000 62 476.000 274.000 63 456.000 276.000 64 333.000 279.000 65 362.000 279.000 66 38.000 278.000 68 219.000 280.000 69 399.000 282.000 70 508.000 281.000 71 774.000 277.000 72 47.000 284.000 73 374.000 289.000 74 393.000 289.000 75 408.000 290.000 77 636.000 289.000 79 428.000 298.000 81 88.000 300.000 85 349.000 309.000 87 29.000 306.000 88 511.000 311.000 89 632.000 311.000 90 647.000 311.000 91 366.000 317.000 92 349.000 318.000 94 386.000 319.000 95 410.000 329.000 97 366.000 330.000 98 392.000 332.000 99 426.000 331.000 100 401.000 334.000 101 821.000 333.000 102 551.000 337.000 103 760.000 345.000 104 589.000 341.000 106 672.000 341.000 107 986.000 337.000 108 150.000 341.000 109 770.000 356.000 111 442.000 352.000 112 102.000 347.000 113 813.000 349.000 114 465.000 354.000 115 821.000 350.000 117 372.000 357.000 118 513.000 356.000 119 832.000 352.000 120 347.000 359.000 121 403.000 359.000 122 525.000 357.000 123 424.000 366.000 126 505.000 366.000 127 536.000 366.000 128 253.000 365.000 129 348.000 369.000 130 461.000 367.000 131 473.000 369.000 132 586.000 368.000 133 599.000 368.000 134 430.000 373.000 137 440.000 375.000 138 491.000 377.000 139 233.000 378.000 141 416.000 381.000 142 733.000 379.000 143 742.000 380.000 146 429.000 384.000 147 346.000 387.000 149 760.000 382.000 150 410.000 387.000 151 421.000 389.000 152 371.000 389.000 153 387.000 391.000 155 637.000 389.000 156 448.000 396.000 160 556.000 398.000 163 355.000 400.000 164 464.000 402.000 165 94.000 398.000 166 197.000 401.000 167 238.000 402.000 168 324.000 404.000 169 285.000 405.000 170 344.000 411.000 172 536.000 412.000 173 308.000 411.000 174 251.000 415.000 177 590.000 421.000 179 234.000 419.000 180 431.000 424.000 181 282.000 421.000 182 560.000 430.000 183 762.000 431.000 185 622.000 433.000 186 650.000 435.000 188 308.000 437.000 189 248.000 435.000 190 666.000 437.000 191 341.000 438.000 192 754.000 439.000 193 585.000 441.000 194 389.000 448.000 196 364.000 450.000 197 589.000 451.000 198 611.000 452.000 199 570.000 454.000 200 814.000 454.000 201 660.000 455.000 202 673.000 459.000 203 818.000 464.000 205 818.000 476.000 211 47.000 508.000 214 750.000 530.000 215 101.000 535.000 216 59.000 541.000 217 765.000 546.000 218 473.000 551.000 219 957.000 574.000 220 49.000 572.000 222 525.000 589.000 223 134.000 581.000 224 569.000 595.000 225 992.000 603.000 227 479.000 614.000 228 649.000 632.000 230 598.000 634.000 231 720.000 639.000 233 833.000 641.000 234 730.000 642.000 235 840.000 645.000 236 738.000 646.000 237 848.000 650.000 238 1021.000 651.000 240 744.000 651.000 241 856.000 655.000 243 872.000 660.000 245 880.000 660.000 246 888.000 660.000 247 760.000 661.000 248 767.000 667.000 249 774.000 672.000 250 851.000 672.000 251 80.000 659.000 252 311.000 670.000 253 790.000 677.000 254 854.000 685.000 256 312.000 684.000 257 873.000 690.000 258 98.000 675.000 259 295.000 687.000 260 773.000 692.000 261 845.000 699.000 263 295.000 697.000 265 614.000 701.000 266 545.000 698.000 267 265.000 700.000 268 321.000 701.000 269 472.000 702.000 270 641.000 707.000 271 847.000 711.000 273 761.000 712.000 275 460.000 706.000 276 818.000 716.000 278 414.000 708.000 279 713.000 717.000 281 855.000 723.000 282 271.000 715.000 283 464.000 719.000 285 281.000 720.000 286 308.000 720.000 287 296.000 722.000 289 668.000 727.000 290 701.000 729.000 292 223.000 724.000 293 605.000 728.000 295 722.000 731.000 296 671.000 733.000 297 629.000 733.000 298 562.000 732.000 301 619.000 734.000 302 438.000 738.000 304 427.000 740.000 305 357.000 95.000 306 876.000 142.000 307 409.000 151.000 308 1011.000 151.000 309 998.000 160.000 310 983.000 165.000 311 1046.000 184.000 312 996.000 188.000 313 752.000 189.000 314 509.000 202.000 315 490.000 205.000 316 921.000 205.000 317 460.000 208.000 318 207.000 225.000 319 1036.000 229.000 320 462.000 230.000 321 225.000 236.000 322 551.000 236.000 323 1051.000 239.000 324 533.000 240.000 325 1037.000 240.000 326 1070.000 242.000 327 352.000 243.000 328 231.000 244.000 329 463.000 244.000 330 498.000 244.000 331 451.000 245.000 332 11.000 247.000 333 485.000 248.000 334 1038.000 248.000 335 22.000 249.000 336 563.000 251.000 337 490.000 254.000 338 588.000 255.000 339 1073.000 255.000 340 358.000 256.000 341 18.000 259.000 342 628.000 265.000 343 1079.000 265.000 344 1106.000 271.000 345 49.000 274.000 346 58.000 274.000 347 1061.000 275.000 348 17.000 279.000 349 76.000 279.000 350 1012.000 279.000 351 829.000 283.000 352 916.000 283.000 353 926.000 286.000 354 590.000 288.000 355 1062.000 288.000 356 440.000 289.000 357 580.000 289.000 358 1019.000 292.000 359 15.000 294.000 360 1048.000 294.000 361 380.000 295.000 362 822.000 296.000 363 831.000 299.000 364 591.000 303.000 365 841.000 303.000 366 401.000 305.000 367 601.000 305.000 368 557.000 307.000 369 388.000 308.000 370 616.000 308.000 371 360.000 309.000 372 569.000 309.000 373 37.000 311.000 374 811.000 311.000 375 376.000 312.000 376 577.000 313.000 377 591.000 313.000 378 23.000 314.000 379 822.000 314.000 380 601.000 315.000 381 427.000 316.000 382 831.000 316.000 383 45.000 317.000 384 54.000 318.000 385 617.000 318.000 386 626.000 321.000 387 851.000 321.000 388 601.000 327.000 389 1125.000 329.000 390 811.000 330.000 391 618.000 331.000 392 649.000 331.000 393 632.000 333.000 394 448.000 335.000 395 834.000 335.000 396 374.000 336.000 397 639.000 337.000 398 1072.000 340.000 399 978.000 341.000 400 649.000 342.000 401 282.000 344.000 402 422.000 344.000 403 609.000 344.000 404 862.000 345.000 405 871.000 348.000 406 397.000 351.000 407 653.000 351.000 408 360.000 352.000 409 1078.000 352.000 410 456.000 353.000 411 692.000 353.000 412 610.000 354.000 413 813.000 356.000 414 1105.000 358.000 415 866.000 361.000 416 876.000 363.000 417 575.000 364.000 418 19.000 366.000 419 378.000 366.000 420 778.000 367.000 421 847.000 367.000 422 833.000 369.000 423 611.000 370.000 424 566.000 373.000 425 20.000 374.000 426 454.000 375.000 427 503.000 377.000 428 598.000 378.000 429 792.000 378.000 430 404.000 381.000 431 850.000 384.000 432 478.000 388.000 433 524.000 394.000 434 753.000 394.000 435 516.000 398.000 436 369.000 402.000 437 42.000 404.000 438 445.000 408.000 439 551.000 408.000 440 595.000 410.000 441 644.000 411.000 442 1008.000 412.000 443 602.000 418.000 444 491.000 422.000 445 941.000 423.000 446 668.000 429.000 447 751.000 429.000 448 994.000 430.000 449 528.000 431.000 450 569.000 431.000 451 777.000 433.000 452 1033.000 433.000 453 1062.000 434.000 454 796.000 436.000 455 1040.000 436.000 456 542.000 439.000 457 807.000 441.000 458 823.000 442.000 459 1047.000 442.000 460 944.000 443.000 461 525.000 444.000 462 506.000 448.000 463 1063.000 451.000 464 616.000 453.000 465 621.000 453.000 466 697.000 457.000 467 683.000 460.000 468 833.000 465.000 469 806.000 466.000 470 828.000 476.000 471 837.000 476.000 472 1058.000 477.000 473 1082.000 485.000 474 829.000 487.000 475 838.000 487.000 476 1072.000 487.000 477 1095.000 487.000 478 819.000 488.000 479 849.000 488.000 480 860.000 488.000 481 869.000 495.000 482 794.000 498.000 483 819.000 498.000 484 829.000 498.000 485 839.000 498.000 486 849.000 498.000 487 810.000 499.000 488 878.000 505.000 489 743.000 510.000 490 821.000 512.000 491 831.000 512.000 492 840.000 512.000 493 851.000 512.000 494 652.000 516.000 495 851.000 523.000 496 792.000 524.000 497 822.000 524.000 498 831.000 524.000 499 642.000 527.000 500 988.000 527.000 501 652.000 528.000 502 724.000 532.000 503 822.000 532.000 504 850.000 532.000 505 115.000 536.000 506 770.000 539.000 507 852.000 540.000 508 831.000 541.000 509 839.000 541.000 510 823.000 542.000 511 872.000 545.000 512 252.000 546.000 513 865.000 546.000 514 1009.000 546.000 515 948.000 548.000 516 1067.000 549.000 517 839.000 559.000 518 1026.000 559.000 519 675.000 561.000 520 781.000 561.000 521 824.000 561.000 522 833.000 562.000 523 808.000 579.000 524 958.000 584.000 525 941.000 585.000 526 921.000 586.000 527 1120.000 586.000 528 910.000 587.000 529 423.000 595.000 530 935.000 596.000 531 901.000 598.000 532 809.000 599.000 533 883.000 600.000 534 917.000 611.000 535 885.000 614.000 536 1010.000 615.000 537 903.000 617.000 538 468.000 619.000 539 877.000 624.000 540 977.000 630.000 541 929.000 631.000 542 931.000 643.000 543 599.000 644.000 544 905.000 648.000 545 1012.000 650.000 546 863.000 658.000 547 836.000 662.000 548 958.000 665.000 549 826.000 668.000 550 584.000 675.000 551 527.000 686.000 552 543.000 692.000 553 826.000 692.000 554 899.000 694.000 555 508.000 698.000 556 581.000 698.000 557 446.000 700.000 558 382.000 701.000 559 526.000 702.000 560 713.000 704.000 561 482.000 705.000 562 972.000 706.000 563 818.000 707.000 564 441.000 708.000 565 453.000 708.000 566 650.000 712.000 567 793.000 712.000 568 228.000 714.000 569 869.000 718.000 570 675.000 720.000 571 726.000 722.000 572 808.000 722.000 573 645.000 723.000 574 721.000 726.000 575 658.000 728.000 576 584.000 732.000 577 504.000 735.000 578 651.000 735.000 579 517.000 736.000 580 483.000 737.000 581 694.000 737.000 582 419.000 740.000 583
96 0.288692 0.02473059999999999 0.940435 -0.17784199999999997 0.04934607389120815 0.99834139433463 4.555287383567783 96 IMG_2427.JPG
 389.000 133.000 0 302.000 168.000 1 388.000 145.000 2 312.000 178.000 3 311.000 186.000 4 327.000 189.000 5 311.000 198.000 6 344.000 194.000 7 327.000 201.000 8 311.000 203.000 9 337.000 201.000 10 268.000 212.000 11 320.000 210.000 12 695.000 147.000 13 346.000 210.000 14 392.000 206.000 15 338.000 214.000 16 379.000 214.000 17 400.000 212.000 18 313.000 221.000 19 340.000 220.000 20 349.000 222.000 21 397.000 218.000 22 357.000 222.000 23 289.000 230.000 24 310.000 227.000 25 320.000 235.000 26 354.000 234.000 27 336.000 237.000 28 364.000 235.000 29 217.000 252.000 30 354.000 241.000 31 654.000 217.000 32 371.000 243.000 33 354.000 246.000 34 406.000 242.000 35 325.000 251.000 36 334.000 249.000 37 315.000 252.000 38 436.000 233.000 39 90.000 276.000 40 342.000 251.000 41 397.000 252.000 42 319.000 260.000 43 427.000 252.000 44 352.000 258.000 45 241.000 271.000 46 330.000 262.000 47 403.000 259.000 48 462.000 256.000 49 329.000 268.000 50 415.000 261.000 51 267.000 277.000 52 348.000 269.000 53 405.000 265.000 54 357.000 271.000 55 340.000 275.000 56 126.000 296.000 57 649.000 252.000 58 89.000 300.000 59 300.000 280.000 60 339.000 280.000 61 500.000 258.000 62 435.000 274.000 63 413.000 278.000 64 290.000 289.000 65 312.000 287.000 66 368.000 283.000 67 95.000 309.000 68 227.000 299.000 69 354.000 287.000 70 470.000 280.000 71 775.000 258.000 72 103.000 314.000 73 324.000 296.000 74 344.000 295.000 75 375.000 294.000 76 362.000 296.000 77 497.000 287.000 78 618.000 279.000 79 81.000 322.000 80 383.000 302.000 81 682.000 283.000 82 376.000 307.000 83 498.000 300.000 84 166.000 327.000 85 325.000 313.000 86 301.000 317.000 87 86.000 336.000 88 474.000 310.000 89 614.000 302.000 90 629.000 302.000 91 317.000 324.000 92 324.000 325.000 93 299.000 327.000 94 338.000 326.000 95 631.000 311.000 96 366.000 334.000 97 317.000 337.000 98 341.000 338.000 99 382.000 335.000 100 359.000 340.000 101 836.000 314.000 102 519.000 335.000 103 595.000 325.000 104 331.000 350.000 105 563.000 336.000 106 658.000 331.000 107 1053.000 309.000 108 190.000 362.000 109 514.000 342.000 110 607.000 337.000 111 400.000 355.000 112 169.000 371.000 113 826.000 331.000 114 421.000 357.000 115 566.000 348.000 116 838.000 333.000 117 321.000 363.000 118 476.000 356.000 119 851.000 333.000 120 298.000 367.000 121 356.000 364.000 122 491.000 356.000 123 369.000 364.000 124 344.000 370.000 125 380.000 370.000 126 469.000 366.000 127 504.000 364.000 128 246.000 379.000 129 297.000 377.000 130 422.000 369.000 131 434.000 371.000 132 560.000 364.000 133 576.000 364.000 134 325.000 380.000 135 825.000 353.000 136 390.000 378.000 137 396.000 378.000 138 455.000 378.000 139 825.000 358.000 140 232.000 393.000 141 374.000 387.000 142 731.000 368.000 143 127.000 401.000 144 825.000 363.000 145 745.000 369.000 146 387.000 389.000 147 422.000 386.000 148 297.000 396.000 149 763.000 370.000 150 366.000 393.000 151 375.000 393.000 152 324.000 396.000 153 425.000 392.000 154 344.000 398.000 155 618.000 383.000 156 375.000 399.000 157 436.000 397.000 158 494.000 394.000 159 408.000 400.000 160 761.000 383.000 161 424.000 401.000 162 527.000 396.000 163 306.000 408.000 164 388.000 405.000 165 170.000 419.000 166 215.000 418.000 167 238.000 417.000 168 284.000 414.000 169 263.000 416.000 170 510.000 405.000 171 297.000 419.000 172 506.000 411.000 173 276.000 422.000 174 397.000 418.000 175 739.000 402.000 176 243.000 428.000 177 654.000 412.000 178 566.000 418.000 179 236.000 433.000 180 361.000 428.000 181 261.000 433.000 182 532.000 429.000 183 566.000 429.000 184 764.000 421.000 185 602.000 429.000 186 453.000 438.000 187 637.000 431.000 188 276.000 447.000 189 243.000 449.000 190 652.000 432.000 191 295.000 447.000 192 755.000 429.000 193 560.000 439.000 194 572.000 439.000 195 322.000 455.000 196 289.000 458.000 197 566.000 450.000 198 588.000 450.000 199 543.000 453.000 200 828.000 442.000 201 646.000 451.000 202 662.000 455.000 203 636.000 458.000 204 833.000 453.000 205 611.000 465.000 206 562.000 469.000 207 626.000 467.000 208 634.000 468.000 209 821.000 465.000 210 835.000 465.000 211 612.000 481.000 212 626.000 481.000 213 20.000 526.000 214 754.000 525.000 215 63.000 550.000 216 24.000 557.000 217 771.000 542.000 218 392.000 557.000 219 1060.000 564.000 221 18.000 588.000 222 441.000 594.000 223 95.000 594.000 224 489.000 600.000 225 1099.000 587.000 226 1036.000 597.000 227 392.000 621.000 228 589.000 632.000 229 622.000 636.000 230 578.000 639.000 231 676.000 642.000 232 688.000 643.000 233 816.000 643.000 234 693.000 646.000 235 823.000 647.000 236 700.000 651.000 237 830.000 653.000 238 1034.000 649.000 239 1057.000 649.000 240 706.000 656.000 241 1099.000 652.000 242 838.000 658.000 243 713.000 661.000 244 854.000 663.000 245 862.000 663.000 246 871.000 664.000 247 720.000 666.000 248 727.000 672.000 249 734.000 678.000 250 836.000 676.000 251 21.000 673.000 252 157.000 681.000 253 749.000 684.000 254 599.000 692.000 255 838.000 691.000 256 157.000 696.000 257 857.000 696.000 258 40.000 688.000 259 140.000 699.000 260 734.000 700.000 261 514.000 701.000 262 816.000 706.000 263 824.000 706.000 264 137.000 710.000 265 541.000 710.000 266 468.000 709.000 267 104.000 714.000 268 168.000 714.000 269 393.000 712.000 270 573.000 718.000 271 616.000 717.000 272 812.000 721.000 273 726.000 720.000 274 714.000 722.000 275 381.000 716.000 276 457.000 719.000 277 776.000 726.000 278 331.000 718.000 279 481.000 723.000 280 655.000 727.000 281 810.000 734.000 282 107.000 729.000 283 688.000 734.000 284 379.000 729.000 285 121.000 734.000 286 153.000 733.000 287 366.000 730.000 288 139.000 735.000 289 599.000 739.000 290 611.000 740.000 291 634.000 740.000 292 37.000 741.000 293 457.000 738.000 294 530.000 739.000 295 656.000 743.000 296 599.000 744.000 297 552.000 745.000 298 474.000 742.000 299 669.000 748.000 300 483.000 743.000 301 540.000 746.000 302 551.000 751.000 303 353.000 750.000 304 340.000 751.000 305 303.000 104.000 306 637.000 84.000 307 360.000 156.000 308 839.000 84.000 309 824.000 96.000 310 780.000 100.000 311 872.000 116.000 312 802.000 124.000 313 671.000 162.000 314 707.000 151.000 317 211.000 247.000 319 856.000 168.000 320 419.000 231.000 321 227.000 255.000 322 873.000 179.000 324 859.000 182.000 326 896.000 182.000 327 300.000 252.000 328 233.000 264.000 329 406.000 247.000 332 60.000 280.000 333 861.000 191.000 335 75.000 283.000 336 896.000 195.000 340 309.000 264.000 341 75.000 291.000 342 463.000 250.000 343 903.000 206.000 344 937.000 211.000 345 103.000 304.000 346 108.000 304.000 347 884.000 220.000 348 74.000 310.000 349 129.000 307.000 350 817.000 228.000 351 885.000 234.000 356 826.000 242.000 359 72.000 325.000 360 862.000 242.000 361 332.000 302.000 362 350.000 309.000 367 310.000 317.000 372 92.000 339.000 374 823.000 292.000 375 331.000 320.000 376 78.000 344.000 379 381.000 320.000 382 99.000 345.000 384 109.000 346.000 385 942.000 277.000 390 823.000 311.000 391 631.000 323.000 393 405.000 338.000 395 323.000 344.000 397 887.000 293.000 399 1041.000 315.000 400 261.000 356.000 402 381.000 347.000 403 351.000 357.000 407 896.000 308.000 410 680.000 342.000 412 827.000 340.000 414 919.000 313.000 415 548.000 361.000 418 108.000 394.000 419 331.000 373.000 420 613.000 347.000 421 538.000 371.000 425 108.000 401.000 426 415.000 379.000 427 467.000 378.000 428 573.000 374.000 429 629.000 359.000 430 358.000 386.000 431 439.000 390.000 433 489.000 394.000 434 755.000 382.000 435 482.000 398.000 436 319.000 409.000 437 125.000 428.000 438 369.000 412.000 439 518.000 407.000 440 572.000 408.000 441 621.000 406.000 442 804.000 384.000 443 580.000 414.000 444 422.000 423.000 445 655.000 424.000 447 750.000 420.000 448 795.000 405.000 449 489.000 432.000 450 542.000 430.000 451 785.000 423.000 452 849.000 406.000 453 881.000 405.000 454 807.000 424.000 455 857.000 410.000 456 510.000 439.000 457 819.000 427.000 458 865.000 417.000 460 474.000 444.000 462 882.000 426.000 464 597.000 450.000 465 602.000 451.000 466 689.000 452.000 467 672.000 455.000 468 852.000 455.000 469 820.000 456.000 470 877.000 457.000 473 899.000 465.000 474 889.000 469.000 477 912.000 468.000 478 744.000 505.000 490 641.000 515.000 495 630.000 527.000 500 818.000 519.000 501 641.000 527.000 502 720.000 529.000 503 775.000 534.000 507 178.000 557.000 513 838.000 540.000 515 886.000 542.000 517 855.000 555.000 519 664.000 560.000 520 788.000 557.000 521 809.000 576.000 524 942.000 585.000 528 328.000 604.000 530 812.000 597.000 533 1054.000 609.000 537 377.000 627.000 539 578.000 649.000 544 1047.000 648.000 546 845.000 661.000 547 821.000 665.000 548 811.000 673.000 550 455.000 696.000 552 468.000 701.000 553 803.000 699.000 554 432.000 708.000 556 504.000 707.000 557 366.000 710.000 558 305.000 710.000 559 449.000 711.000 560 659.000 714.000 561 401.000 715.000 562 774.000 717.000 564 362.000 718.000 565 374.000 719.000 566 578.000 723.000 567 752.000 721.000 568 830.000 728.000 570 610.000 732.000 571 666.000 734.000 572 760.000 733.000 573 576.000 734.000 574 656.000 738.000 575 588.000 739.000 576 505.000 744.000 577 419.000 746.000 578 575.000 747.000 579 395.000 747.000 581 622.000 750.000 582 331.000 751.000 583 787.000 103.000 585 1074.000 142.000 586 1004.000 217.000 587 838.000 225.000 588 1037.000 227.000 589 563.000 273.000 590 481.000 291.000 591 325.000 301.000 592 350.000 304.000 593 334.000 308.000 594 836.000 322.000 595 398.000 337.000 596 805.000 344.000 597 43.000 346.000 598 400.000 348.000 599 840.000 351.000 600 72.000 357.000 601 951.000 362.000 602 1001.000 366.000 603 826.000 370.000 604 403.000 377.000 605 787.000 379.000 606 347.000 388.000 607 74.000 399.000 608 341.000 404.000 609 74.000 408.000 610 477.000 410.000 611 844.000 415.000 612 468.000 426.000 613 989.000 439.000 614 977.000 441.000 615 507.000 450.000 616 956.000 460.000 617 930.000 476.000 618 925.000 505.000 619 1007.000 507.000 620 1012.000 522.000 621 940.000 556.000 622 1064.000 596.000 623 1087.000 609.000 624 1043.000 637.000 625 317.000 644.000 626 999.000 650.000 627 244.000 653.000 628 963.000 659.000 629 1071.000 659.000 630 993.000 662.000 631 1048.000 665.000 632 1086.000 674.000 633 298.000 677.000 634 1040.000 677.000 635 994.000 680.000 636 1052.000 680.000 637 436.000 690.000 638 678.000 690.000 639 691.000 695.000 640 424.000 697.000 641 965.000 704.000 642 1100.000 705.000 643 614.000 706.000 644 494.000 714.000 645 866.000 717.000 646 1068.000 717.000 647 1058.000 718.000 648 538.000 719.000 649 622.000 729.000 650 718.000 729.000 651 1105.000 734.000 652 366.000 736.000 653 544.000 736.000 654 699.000 736.000 655 271.000 737.000 656 554.000 737.000 657 645.000 738.000 658 622.000 740.000 659 668.000 740.000 660 677.000 740.000 661 690.000 745.000 662 587.000 748.000 663 303.000 751.000 664
97 0.249072 0.027042100000000003 0.953241 -0.169005 0.1557815572925949 0.881292704567201 4.493506982205293 97 IMG_2428.JPG
 428.000 90.000 13 343.000 184.000 15 211.000 237.000 30 357.000 220.000 35 260.000 234.000 38 122.000 266.000 40 263.000 241.000 43 417.000 233.000 49 274.000 249.000 50 284.000 255.000 56 243.000 262.000 60 284.000 262.000 61 382.000 254.000 63 257.000 269.000 66 315.000 264.000 67 127.000 297.000 68 425.000 258.000 71 135.000 303.000 73 272.000 278.000 74 290.000 276.000 75 322.000 275.000 76 308.000 277.000 77 452.000 264.000 78 590.000 254.000 79 112.000 310.000 80 324.000 287.000 83 454.000 277.000 84 268.000 294.000 86 242.000 299.000 87 115.000 324.000 88 585.000 279.000 90 260.000 306.000 92 268.000 307.000 93 241.000 309.000 94 285.000 308.000 95 312.000 315.000 97 260.000 319.000 98 288.000 320.000 99 329.000 317.000 100 304.000 321.000 101 838.000 285.000 102 273.000 332.000 105 524.000 314.000 106 209.000 348.000 109 349.000 336.000 112 826.000 304.000 114 369.000 337.000 115 840.000 306.000 117 267.000 346.000 118 852.000 307.000 120 240.000 349.000 121 300.000 345.000 122 317.000 346.000 124 288.000 352.000 125 325.000 352.000 126 422.000 346.000 127 369.000 350.000 131 385.000 351.000 132 268.000 362.000 135 822.000 327.000 136 334.000 359.000 137 345.000 361.000 138 406.000 359.000 139 821.000 333.000 140 179.000 386.000 144 822.000 338.000 145 371.000 367.000 148 238.000 378.000 149 312.000 375.000 151 374.000 373.000 154 285.000 380.000 155 587.000 362.000 156 321.000 380.000 157 386.000 378.000 158 451.000 375.000 159 356.000 382.000 160 373.000 382.000 162 249.000 392.000 164 299.000 386.000 165 311.000 400.000 175 282.000 411.000 181 568.000 410.000 186 380.000 419.000 187 825.000 422.000 201 613.000 432.000 202 606.000 439.000 204 830.000 433.000 205 814.000 445.000 210 832.000 446.000 211 296.000 541.000 219 1030.000 551.000 220 1094.000 551.000 221 340.000 581.000 223 39.000 577.000 224 1127.000 577.000 226 545.000 620.000 229 570.000 625.000 230 535.000 626.000 231 616.000 634.000 232 1035.000 644.000 239 1062.000 644.000 240 789.000 652.000 243 804.000 659.000 245 812.000 659.000 246 819.000 660.000 247 790.000 671.000 251 510.000 684.000 255 807.000 694.000 258 415.000 691.000 262 369.000 698.000 267 478.000 712.000 271 524.000 712.000 272 230.000 705.000 279 378.000 714.000 280 600.000 732.000 284 274.000 717.000 285 501.000 735.000 290 513.000 736.000 291 537.000 737.000 292 356.000 728.000 294 430.000 732.000 295 498.000 740.000 297 448.000 740.000 298 373.000 733.000 299 570.000 747.000 300 378.000 735.000 301 436.000 739.000 302 443.000 746.000 303 248.000 738.000 304 238.000 739.000 305 249.000 83.000 306 352.000 22.000 307 308.000 134.000 308 620.000 9.000 309 608.000 25.000 310 525.000 31.000 311 644.000 43.000 312 556.000 58.000 313 584.000 123.000 314 427.000 176.000 315 403.000 180.000 316 441.000 95.000 317 367.000 186.000 318 200.000 232.000 319 618.000 104.000 320 370.000 210.000 321 218.000 241.000 322 477.000 206.000 323 635.000 115.000 324 455.000 213.000 325 623.000 121.000 326 658.000 116.000 327 244.000 233.000 328 224.000 249.000 329 371.000 223.000 330 413.000 221.000 331 357.000 225.000 332 92.000 270.000 333 398.000 225.000 334 624.000 130.000 335 106.000 273.000 336 493.000 221.000 337 403.000 231.000 338 526.000 222.000 339 655.000 132.000 340 251.000 246.000 341 106.000 281.000 342 660.000 145.000 344 698.000 148.000 345 135.000 293.000 346 140.000 293.000 347 642.000 163.000 348 108.000 300.000 349 159.000 296.000 350 558.000 174.000 351 846.000 229.000 352 965.000 221.000 353 981.000 224.000 354 527.000 258.000 355 641.000 179.000 356 343.000 272.000 357 513.000 260.000 358 566.000 191.000 359 104.000 314.000 360 610.000 188.000 361 277.000 284.000 362 834.000 245.000 363 847.000 247.000 364 527.000 273.000 365 860.000 250.000 366 296.000 291.000 367 546.000 275.000 368 486.000 280.000 369 284.000 295.000 370 566.000 277.000 371 253.000 299.000 372 495.000 281.000 373 123.000 327.000 374 824.000 263.000 375 274.000 301.000 376 510.000 286.000 377 528.000 283.000 378 110.000 331.000 379 837.000 264.000 380 540.000 285.000 381 328.000 301.000 382 850.000 266.000 383 130.000 333.000 384 138.000 334.000 385 567.000 288.000 386 583.000 290.000 387 874.000 270.000 388 547.000 298.000 389 680.000 224.000 390 818.000 283.000 391 567.000 300.000 392 601.000 300.000 393 586.000 302.000 394 361.000 319.000 395 854.000 287.000 396 267.000 327.000 397 593.000 306.000 398 628.000 247.000 399 1092.000 283.000 400 601.000 310.000 401 229.000 340.000 402 325.000 329.000 403 548.000 316.000 404 890.000 296.000 405 904.000 299.000 406 295.000 339.000 407 606.000 320.000 408 253.000 343.000 409 638.000 263.000 410 362.000 336.000 411 551.000 326.000 413 656.000 268.000 415 896.000 314.000 416 909.000 315.000 417 165.000 380.000 419 277.000 356.000 420 421.000 320.000 421 869.000 322.000 422 854.000 326.000 423 550.000 344.000 424 166.000 387.000 426 363.000 360.000 427 420.000 358.000 428 435.000 333.000 430 303.000 368.000 431 874.000 341.000 432 390.000 371.000 433 444.000 374.000 434 436.000 379.000 436 261.000 392.000 437 177.000 413.000 438 282.000 394.000 439 531.000 355.000 443 345.000 405.000 445 1006.000 379.000 446 520.000 380.000 449 442.000 413.000 450 589.000 381.000 453 621.000 379.000 454 800.000 403.000 455 598.000 385.000 456 814.000 407.000 458 837.000 408.000 459 605.000 393.000 460 1009.000 401.000 461 411.000 425.000 462 382.000 433.000 463 621.000 403.000 464 570.000 431.000 466 852.000 434.000 469 814.000 435.000 470 846.000 446.000 471 861.000 446.000 472 617.000 441.000 473 632.000 450.000 474 849.000 459.000 475 862.000 458.000 476 623.000 455.000 477 833.000 459.000 479 876.000 458.000 480 890.000 458.000 481 900.000 465.000 482 798.000 472.000 483 834.000 471.000 484 849.000 471.000 485 863.000 470.000 486 877.000 470.000 487 822.000 472.000 488 915.000 476.000 489 835.000 487.000 491 851.000 486.000 492 865.000 486.000 493 878.000 486.000 494 879.000 497.000 496 797.000 501.000 497 837.000 500.000 498 852.000 499.000 499 582.000 511.000 501 835.000 508.000 504 879.000 507.000 505 27.000 534.000 506 882.000 517.000 508 854.000 518.000 509 861.000 518.000 510 838.000 520.000 511 909.000 521.000 512 91.000 540.000 513 897.000 523.000 514 595.000 535.000 515 1018.000 522.000 516 620.000 541.000 517 866.000 539.000 518 608.000 553.000 519 840.000 541.000 522 856.000 541.000 523 790.000 563.000 524 1032.000 563.000 525 1005.000 565.000 526 928.000 570.000 527 669.000 592.000 528 910.000 571.000 529 219.000 589.000 530 996.000 578.000 531 891.000 583.000 532 791.000 586.000 533 866.000 587.000 534 919.000 599.000 535 855.000 604.000 536 1069.000 601.000 537 893.000 606.000 538 271.000 614.000 539 842.000 616.000 540 1023.000 619.000 541 939.000 621.000 542 936.000 635.000 543 537.000 636.000 544 886.000 643.000 545 1050.000 643.000 546 795.000 657.000 547 962.000 662.000 549 428.000 673.000 551 355.000 685.000 552 370.000 691.000 553 831.000 700.000 555 338.000 696.000 556 406.000 697.000 557 268.000 696.000 558 213.000 696.000 559 349.000 702.000 560 576.000 710.000 561 297.000 703.000 562 901.000 717.000 563 263.000 705.000 565 274.000 707.000 566 482.000 717.000 567 66.000 708.000 569 517.000 726.000 571 578.000 730.000 572 478.000 728.000 574 562.000 734.000 575 490.000 734.000 576 401.000 737.000 577 316.000 735.000 578 471.000 743.000 579 334.000 738.000 580 288.000 737.000 581 518.000 747.000 582 226.000 739.000 583 362.000 749.000 584 533.000 34.000 585 809.000 51.000 586 741.000 147.000 587 577.000 169.000 588 776.000 159.000 589 526.000 248.000 590 435.000 269.000 591 270.000 283.000 592 298.000 286.000 593 278.000 290.000 594 838.000 294.000 595 345.000 318.000 596 800.000 317.000 597 82.000 334.000 598 346.000 328.000 599 842.000 325.000 600 105.000 345.000 601 687.000 326.000 602 748.000 330.000 603 823.000 345.000 604 355.000 359.000 605 512.000 350.000 606 291.000 370.000 607 110.000 385.000 608 284.000 386.000 609 110.000 395.000 610 429.000 391.000 611 582.000 391.000 612 420.000 408.000 613 728.000 418.000 614 714.000 422.000 615 462.000 432.000 616 690.000 445.000 617 658.000 464.000 618 651.000 498.000 619 741.000 501.000 620 747.000 519.000 621 667.000 559.000 622 1080.000 586.000 623 1109.000 601.000 624 1052.000 631.000 625 226.000 630.000 626 735.000 672.000 627 157.000 636.000 628 691.000 681.000 629 1070.000 656.000 630 727.000 686.000 631 1041.000 662.000 632 1076.000 674.000 633 215.000 663.000 634 1023.000 675.000 635 726.000 706.000 636 1036.000 681.000 637 341.000 679.000 638 597.000 685.000 639 608.000 690.000 640 323.000 685.000 641 693.000 734.000 642 1067.000 711.000 643 525.000 700.000 644 392.000 704.000 645 803.000 719.000 646 1023.000 723.000 647 1011.000 725.000 648 442.000 711.000 649 530.000 725.000 650 633.000 727.000 651 1052.000 746.000 652 262.000 723.000 653 445.000 730.000 654 611.000 734.000 655 168.000 723.000 656 456.000 730.000 657 550.000 735.000 658 524.000 736.000 659 574.000 738.000 660 584.000 739.000 661 594.000 745.000 662 483.000 744.000 663 197.000 738.000 664 464.000 185.000 665 475.000 185.000 666 499.000 188.000 667 965.000 209.000 668 875.000 230.000 669 875.000 239.000 670 813.000 242.000 671 806.000 249.000 672 822.000 252.000 673 834.000 254.000 674 814.000 262.000 675 861.000 262.000 676 801.000 267.000 677 824.000 271.000 678 837.000 273.000 679 556.000 275.000 680 965.000 276.000 681 826.000 283.000 682 979.000 286.000 683 495.000 288.000 684 812.000 289.000 685 937.000 289.000 686 920.000 301.000 687 867.000 303.000 688 961.000 306.000 689 980.000 324.000 690 989.000 324.000 691 570.000 327.000 692 577.000 328.000 693 861.000 331.000 694 1028.000 339.000 695 589.000 342.000 696 895.000 366.000 697 835.000 384.000 698 889.000 389.000 699 900.000 390.000 700 830.000 397.000 701 845.000 399.000 702 896.000 404.000 703 875.000 415.000 704 919.000 415.000 705 884.000 433.000 706 819.000 436.000 707 969.000 439.000 708 873.000 446.000 709 975.000 489.000 710 529.000 492.000 711 827.000 498.000 712 807.000 507.000 713 924.000 510.000 714 822.000 523.000 715 829.000 532.000 716 884.000 538.000 717 802.000 540.000 718 1044.000 558.000 719 1045.000 564.000 720 1059.000 564.000 721 861.000 566.000 722 981.000 570.000 723 902.000 572.000 724 877.000 586.000 725 1026.000 598.000 726 901.000 599.000 727 878.000 605.000 728 948.000 608.000 729 868.000 611.000 730 852.000 615.000 731 903.000 650.000 732 1121.000 653.000 733 1039.000 654.000 734 973.000 658.000 735 826.000 661.000 736 1126.000 661.000 737 937.000 677.000 738 885.000 687.000 739 958.000 688.000 740 863.000 690.000 741 1028.000 692.000 742 362.000 698.000 743 317.000 700.000 744 570.000 700.000 745 892.000 717.000 746
98 0.18708399999999997 0.0244132 0.96882 -0.16059599999999996 0.41286351532657406 0.7815611346925241 4.488914706221711 98 IMG_2429.JPG
 81.000 117.000 0 251.000 230.000 36 242.000 231.000 38 609.000 207.000 58 201.000 291.000 68 578.000 238.000 79 187.000 303.000 80 651.000 238.000 82 571.000 263.000 90 584.000 271.000 96 853.000 262.000 102 455.000 301.000 103 504.000 300.000 106 619.000 290.000 107 450.000 309.000 110 839.000 283.000 114 509.000 312.000 116 854.000 284.000 117 869.000 285.000 120 501.000 329.000 133 518.000 328.000 134 830.000 306.000 136 829.000 312.000 140 706.000 326.000 143 830.000 317.000 145 725.000 327.000 146 748.000 328.000 150 569.000 346.000 156 743.000 341.000 161 462.000 363.000 163 437.000 372.000 171 715.000 363.000 176 609.000 375.000 178 508.000 384.000 179 466.000 396.000 183 506.000 395.000 184 742.000 382.000 185 548.000 395.000 186 585.000 395.000 188 607.000 396.000 191 498.000 405.000 194 511.000 406.000 195 504.000 416.000 198 477.000 420.000 200 831.000 405.000 201 598.000 417.000 202 617.000 420.000 203 589.000 423.000 204 836.000 416.000 205 557.000 432.000 206 497.000 436.000 207 578.000 433.000 208 587.000 434.000 209 819.000 429.000 210 839.000 430.000 211 559.000 448.000 212 577.000 448.000 213 731.000 495.000 215 748.000 512.000 218 1072.000 541.000 220 530.000 607.000 230 508.000 607.000 231 559.000 617.000 232 570.000 627.000 237 726.000 636.000 238 1036.000 642.000 239 1066.000 643.000 240 1112.000 649.000 242 576.000 639.000 244 749.000 649.000 246 755.000 651.000 247 733.000 661.000 251 597.000 666.000 254 744.000 685.000 258 691.000 693.000 264 572.000 701.000 274 556.000 701.000 275 282.000 680.000 277 611.000 711.000 278 510.000 712.000 284 205.000 685.000 288 465.000 718.000 296 469.000 724.000 300 185.000 702.000 304 177.000 702.000 305 232.000 88.000 306 136.000 227.000 343 184.000 293.000 349 862.000 203.000 352 1005.000 189.000 353 493.000 247.000 358 248.000 196.000 359 849.000 220.000 363 864.000 222.000 364 509.000 260.000 365 877.000 225.000 366 531.000 261.000 368 465.000 268.000 369 552.000 262.000 371 474.000 269.000 373 836.000 239.000 375 491.000 274.000 377 510.000 270.000 378 525.000 271.000 381 867.000 242.000 383 552.000 273.000 386 570.000 274.000 387 892.000 245.000 388 531.000 284.000 389 827.000 260.000 391 552.000 286.000 392 586.000 284.000 393 572.000 287.000 394 873.000 264.000 396 585.000 295.000 401 529.000 301.000 404 911.000 272.000 405 928.000 275.000 406 591.000 304.000 408 645.000 301.000 412 532.000 312.000 413 839.000 293.000 414 918.000 291.000 416 933.000 292.000 417 487.000 326.000 418 886.000 300.000 422 870.000 305.000 423 476.000 336.000 425 516.000 339.000 429 891.000 320.000 432 738.000 341.000 435 452.000 373.000 440 514.000 374.000 441 570.000 371.000 442 207.000 354.000 443 522.000 380.000 444 610.000 389.000 447 725.000 381.000 448 478.000 397.000 451 772.000 384.000 452 266.000 375.000 453 802.000 385.000 455 443.000 407.000 457 819.000 389.000 458 846.000 390.000 459 274.000 388.000 460 543.000 415.000 465 549.000 416.000 466 650.000 417.000 467 626.000 420.000 468 864.000 418.000 469 818.000 419.000 470 857.000 430.000 471 874.000 430.000 472 859.000 443.000 475 875.000 442.000 476 278.000 445.000 478 840.000 443.000 479 891.000 442.000 480 905.000 442.000 481 917.000 449.000 482 799.000 456.000 483 843.000 456.000 484 859.000 455.000 485 876.000 455.000 486 891.000 455.000 487 935.000 461.000 489 718.000 472.000 490 842.000 473.000 491 861.000 472.000 492 877.000 471.000 493 893.000 471.000 494 592.000 482.000 495 797.000 487.000 497 847.000 486.000 498 862.000 485.000 499 580.000 496.000 500 591.000 496.000 502 687.000 498.000 503 841.000 494.000 504 893.000 494.000 505 44.000 511.000 506 751.000 504.000 507 897.000 504.000 508 864.000 505.000 509 870.000 505.000 510 845.000 506.000 511 928.000 508.000 512 66.000 517.000 513 912.000 510.000 514 1059.000 511.000 516 877.000 527.000 518 613.000 530.000 520 757.000 530.000 521 846.000 528.000 522 866.000 529.000 523 775.000 550.000 524 1074.000 554.000 525 1040.000 556.000 526 915.000 561.000 527 158.000 565.000 530 871.000 574.000 532 907.000 591.000 535 818.000 594.000 536 872.000 597.000 538 806.000 606.000 540 1037.000 615.000 541 928.000 615.000 542 510.000 617.000 544 855.000 635.000 545 1054.000 641.000 546 736.000 646.000 547 724.000 649.000 548 941.000 657.000 549 714.000 656.000 550 686.000 684.000 554 763.000 692.000 555 272.000 667.000 556 211.000 665.000 558 495.000 690.000 561 233.000 672.000 562 820.000 713.000 563 611.000 702.000 564 203.000 673.000 565 598.000 703.000 568 41.000 668.000 569 667.000 719.000 570 583.000 718.000 573 245.000 703.000 578 259.000 705.000 580 216.000 702.000 581 166.000 702.000 583 274.000 717.000 584 233.000 46.000 585 370.000 51.000 586 336.000 149.000 587 254.000 175.000 588 364.000 158.000 589 508.000 235.000 590 852.000 271.000 595 804.000 297.000 597 159.000 327.000 598 856.000 304.000 600 182.000 336.000 601 310.000 324.000 602 363.000 326.000 603 831.000 325.000 604 198.000 348.000 606 190.000 373.000 608 188.000 383.000 610 259.000 385.000 612 342.000 413.000 614 328.000 416.000 615 315.000 437.000 617 286.000 455.000 618 287.000 488.000 619 343.000 492.000 620 348.000 509.000 621 292.000 546.000 622 1107.000 581.000 623 1069.000 628.000 625 181.000 602.000 626 350.000 655.000 627 123.000 607.000 628 312.000 663.000 629 339.000 669.000 631 1028.000 661.000 632 1053.000 676.000 633 176.000 632.000 634 995.000 675.000 635 337.000 689.000 636 1003.000 680.000 637 277.000 650.000 638 518.000 666.000 639 531.000 671.000 640 260.000 656.000 641 312.000 712.000 642 1004.000 713.000 643 719.000 709.000 646 941.000 725.000 647 928.000 726.000 648 547.000 710.000 651 952.000 749.000 652 203.000 690.000 653 520.000 714.000 655 119.000 685.000 656 459.000 712.000 658 488.000 718.000 661 495.000 724.000 662 143.000 700.000 664 444.000 175.000 665 455.000 175.000 666 480.000 177.000 667 1004.000 177.000 668 895.000 203.000 669 895.000 213.000 670 822.000 218.000 671 814.000 225.000 672 835.000 228.000 673 849.000 230.000 674 824.000 238.000 675 878.000 237.000 676 808.000 244.000 677 837.000 248.000 678 852.000 249.000 679 541.000 261.000 680 1002.000 249.000 681 838.000 261.000 682 1019.000 259.000 683 474.000 275.000 684 820.000 267.000 685 967.000 263.000 686 946.000 277.000 687 884.000 279.000 688 995.000 281.000 689 1018.000 299.000 690 1029.000 299.000 691 554.000 313.000 692 559.000 313.000 693 878.000 310.000 694 1101.000 314.000 695 572.000 327.000 696 914.000 346.000 697 843.000 365.000 698 907.000 370.000 699 920.000 371.000 700 838.000 379.000 701 854.000 381.000 702 916.000 386.000 703 890.000 398.000 704 941.000 397.000 705 901.000 416.000 706 828.000 419.000 707 1001.000 422.000 708 888.000 430.000 709 1007.000 475.000 710 506.000 476.000 711 832.000 483.000 712 809.000 493.000 713 944.000 497.000 714 827.000 510.000 715 834.000 519.000 716 898.000 526.000 717 802.000 526.000 718 1099.000 550.000 719 1100.000 556.000 720 1115.000 557.000 721 836.000 555.000 722 1011.000 561.000 723 885.000 562.000 724 853.000 577.000 725 1042.000 592.000 726 880.000 590.000 727 854.000 596.000 728 963.000 601.000 729 842.000 601.000 730 814.000 606.000 731 881.000 643.000 732 1126.000 654.000 733 1032.000 652.000 734 956.000 654.000 735 760.000 652.000 736 1122.000 663.000 737 901.000 672.000 738 834.000 681.000 739 911.000 685.000 740 806.000 683.000 741 983.000 692.000 742 289.000 669.000 743 249.000 669.000 744 487.000 679.000 745 811.000 712.000 746
99 0.158968 0.019904499999999995 0.971409 -0.17521 0.37178444587826087 0.9031831051408683 4.422227379951311 99 IMG_2430.JPG
 177.000 265.000 43 330.000 249.000 49 187.000 271.000 50 198.000 277.000 56 198.000 283.000 61 171.000 291.000 66 226.000 283.000 67 203.000 295.000 75 220.000 295.000 77 363.000 277.000 78 517.000 260.000 79 365.000 290.000 84 182.000 313.000 86 174.000 325.000 92 180.000 325.000 93 194.000 325.000 95 222.000 331.000 97 200.000 336.000 99 215.000 337.000 101 813.000 279.000 102 186.000 348.000 105 438.000 322.000 106 277.000 350.000 115 814.000 301.000 117 178.000 361.000 118 829.000 302.000 120 225.000 360.000 124 199.000 367.000 125 234.000 365.000 126 330.000 357.000 127 278.000 362.000 131 292.000 363.000 132 179.000 376.000 135 785.000 325.000 136 244.000 372.000 137 313.000 370.000 139 785.000 331.000 140 785.000 336.000 145 219.000 387.000 151 280.000 384.000 154 503.000 368.000 156 292.000 389.000 158 358.000 384.000 159 484.000 417.000 186 245.000 429.000 187 534.000 438.000 202 791.000 437.000 205 771.000 451.000 210 798.000 452.000 211 456.000 643.000 232 979.000 676.000 239 1010.000 678.000 240 633.000 717.000 258 215.000 686.000 262 374.000 739.000 284 274.000 733.000 290 286.000 735.000 291 308.000 739.000 292 222.000 735.000 298 324.000 750.000 300 176.000 725.000 301 342.000 193.000 315 317.000 199.000 316 280.000 208.000 318 283.000 229.000 321 393.000 219.000 323 368.000 227.000 325 284.000 242.000 330 325.000 238.000 331 309.000 242.000 334 409.000 233.000 337 318.000 248.000 338 444.000 232.000 339 171.000 270.000 341 821.000 218.000 352 1001.000 204.000 354 449.000 267.000 355 258.000 290.000 357 428.000 270.000 358 191.000 304.000 362 825.000 238.000 364 446.000 281.000 365 838.000 240.000 366 468.000 283.000 368 193.000 314.000 370 490.000 283.000 371 795.000 256.000 375 811.000 257.000 380 239.000 317.000 382 828.000 258.000 383 491.000 295.000 386 510.000 297.000 387 468.000 306.000 389 782.000 277.000 391 491.000 307.000 392 523.000 305.000 393 512.000 308.000 394 271.000 333.000 395 833.000 280.000 396 180.000 344.000 397 517.000 312.000 398 522.000 316.000 401 464.000 323.000 404 894.000 291.000 406 208.000 354.000 407 528.000 325.000 408 166.000 359.000 409 272.000 350.000 411 466.000 334.000 413 900.000 308.000 417 846.000 317.000 422 832.000 323.000 423 463.000 351.000 424 271.000 372.000 427 326.000 369.000 428 852.000 337.000 432 345.000 389.000 436 1027.000 375.000 446 345.000 421.000 450 802.000 410.000 459 1030.000 401.000 461 252.000 441.000 463 481.000 438.000 466 822.000 438.000 469 771.000 440.000 470 814.000 452.000 471 834.000 452.000 472 817.000 466.000 475 834.000 464.000 476 793.000 466.000 479 852.000 465.000 480 868.000 465.000 481 800.000 479.000 484 836.000 478.000 486 853.000 477.000 487 779.000 480.000 488 800.000 496.000 491 819.000 495.000 492 836.000 495.000 493 854.000 494.000 494 855.000 507.000 496 803.000 510.000 498 821.000 509.000 499 795.000 519.000 504 854.000 518.000 505 858.000 529.000 508 832.000 530.000 510 888.000 534.000 512 874.000 535.000 514 1039.000 536.000 516 835.000 552.000 518 799.000 553.000 522 823.000 555.000 523 711.000 577.000 524 1056.000 583.000 525 1019.000 584.000 526 847.000 589.000 527 821.000 590.000 529 1005.000 599.000 531 797.000 602.000 532 763.000 605.000 534 839.000 621.000 535 729.000 624.000 536 798.000 627.000 538 716.000 635.000 540 861.000 646.000 542 853.000 660.000 543 241.000 669.000 551 647.000 725.000 555 155.000 686.000 556 368.000 715.000 561 267.000 732.000 576 120.000 722.000 578 240.000 738.000 579 136.000 738.000 584 444.000 257.000 590 346.000 283.000 591 186.000 303.000 592 209.000 304.000 593 191.000 309.000 594 254.000 332.000 596 256.000 342.000 599 816.000 322.000 600 786.000 344.000 604 263.000 371.000 605 200.000 382.000 607 193.000 398.000 609 335.000 400.000 611 326.000 416.000 613 367.000 439.000 616 1123.000 631.000 624 998.000 692.000 630 970.000 713.000 633 161.000 670.000 638 392.000 692.000 639 147.000 676.000 641 313.000 702.000 644 189.000 697.000 645 587.000 743.000 646 230.000 706.000 649 316.000 726.000 650 413.000 737.000 651 229.000 725.000 654 383.000 741.000 655 237.000 725.000 657 293.000 736.000 659 340.000 742.000 660 348.000 744.000 661 251.000 741.000 663 381.000 199.000 665 390.000 199.000 666 417.000 200.000 667 978.000 188.000 668 857.000 218.000 669 858.000 228.000 670 777.000 234.000 671 770.000 242.000 672 794.000 245.000 673 810.000 246.000 674 780.000 255.000 675 839.000 253.000 676 762.000 261.000 677 796.000 265.000 678 812.000 266.000 679 478.000 283.000 680 976.000 263.000 681 796.000 278.000 682 995.000 273.000 683 408.000 298.000 684 775.000 284.000 685 937.000 278.000 686 914.000 292.000 687 845.000 296.000 688 968.000 296.000 689 995.000 315.000 690 1007.000 315.000 691 488.000 334.000 692 494.000 334.000 693 840.000 327.000 694 1108.000 329.000 695 506.000 349.000 696 878.000 365.000 697 797.000 385.000 698 870.000 390.000 699 883.000 390.000 700 792.000 399.000 701 810.000 401.000 702 879.000 406.000 703 851.000 417.000 704 908.000 417.000 705 865.000 437.000 706 780.000 441.000 707 974.000 443.000 708 850.000 451.000 709 980.000 499.000 710 436.000 499.000 711 784.000 507.000 712 759.000 517.000 713 910.000 522.000 714 778.000 535.000 715 787.000 544.000 716 859.000 552.000 717 752.000 552.000 718 1092.000 578.000 719 1093.000 584.000 720 1108.000 584.000 721 758.000 583.000 722 984.000 590.000 723 813.000 590.000 724 776.000 605.000 725 1000.000 623.000 726 807.000 620.000 727 777.000 625.000 728 923.000 631.000 729 763.000 631.000 730 726.000 635.000 731 807.000 676.000 732 1067.000 691.000 733 967.000 688.000 734 884.000 689.000 735 644.000 684.000 736 1054.000 700.000 737 812.000 708.000 738 728.000 715.000 739 804.000 721.000 740 700.000 717.000 741 882.000 730.000 742 171.000 690.000 743 128.000 689.000 744 360.000 704.000 745 676.000 748.000 746
