# 3D point list with one line of data per point:
#   POINT3D_ID, X, Y, Z, R, G, B, ERROR, TRACK[] as (IMAGE_ID, POINT2D_IDX)
# Number of points: 747, mean track length: 3.44
0 -1.0305092361357935 0.36994231427419255 0.561290471482708 20 25 25 643.51 94 0 96 0 98 0 
1 -0.10937805263053413 0.8316143714101915 0.5474086811573451 130 128 135 606.35 94 0 95 0 96 0 
2 -1.0372100711849273 0.3658035332752373 0.5456504059409333 34 40 38 491.63 94 0 95 0 96 0 
3 -0.09608291758234877 0.8085080817583407 0.5293178583075471 147 161 166 587.44 94 0 95 0 96 0 
4 -0.11118532285685978 0.8028527780684874 0.5076252676644082 155 148 146 578.58 94 0 95 0 96 0 
5 -0.09094946884136812 0.7690335590858691 0.5069176449469173 141 141 137 560.82 94 0 95 0 96 0 
6 -0.11992067110118798 0.7965666761865865 0.47956365644012644 167 175 177 566.29 94 0 95 0 96 0 
7 -0.06329474809668012 0.734993564617778 0.5024964305183091 136 138 142 541.32 94 0 95 0 96 0 
8 -0.09124581289834754 0.7654400381132086 0.47948092517007046 134 131 125 549.12 94 0 95 0 96 0 
9 -0.12376715344167621 0.7933280030189523 0.4668774355646248 173 174 166 560.53 94 0 95 0 96 0 
10 -0.09630097065473953 0.7382733986273121 0.4832613613431129 181 177 169 538.99 94 0 95 0 96 0 
11 0.302155439217096 1.0794312022061123 0.42255655420442584 49 61 75 623.06 94 0 95 0 96 0 
12 -0.12601920354864893 0.7670909550903896 0.45355598296769184 159 158 159 543.95 94 0 95 0 96 0 
13 -1.30996911508247 0.018040876239448028 0.5625125132958724 28 34 36 453.65 94 0 95 0 96 0 97 0 
14 -0.07600170004709872 0.7186903943398458 0.4647583881653303 153 143 134 521.61 94 0 95 0 96 0 
15 -0.003210345766736733 0.6226057763961751 0.4946381511202478 156 143 131 503.15 94 0 95 0 96 0 97 0 
16 -0.09736248251217239 0.731895715347671 0.4513607137910187 163 156 149 524.51 94 0 95 0 96 0 
17 -0.05467006228228444 0.6399787206791928 0.466988530010894 155 158 152 486.94 94 0 95 0 96 0 
18 -0.013843080265780738 0.5986711647332431 0.4808811647067759 145 136 127 471.98 94 0 95 0 96 0 
19 -0.13681437004656516 0.7768301105417753 0.4247189861448888 160 160 160 538.83 94 0 95 0 96 0 
20 -0.08471940075930373 0.7291441210006916 0.4385099391654166 167 166 160 517.4 94 0 95 0 96 0 
21 -0.10037485211172159 0.7006556599128629 0.43629847995703686 135 131 127 505.53 94 0 95 0 96 0 
22 -0.017695220186454197 0.6048552315952188 0.4654192734261928 141 130 121 469.21 94 0 95 0 96 0 
23 -0.09079810095356011 0.6824084191222021 0.4390480663307743 132 130 127 497.75 94 0 95 0 96 0 
24 -0.04843870004709494 0.869204869760994 0.3909764229737458 114 121 131 558.78 94 0 95 0 96 0 
25 -0.15755806792689375 0.7761761760570333 0.4092142495336042 174 174 170 535.02 94 0 95 0 96 0 
26 -0.14412637099716674 0.7531106754457902 0.39441697354298344 149 151 145 517.64 94 0 95 0 96 0 
27 -0.08443400599450301 0.68771101333837 0.40884737745998834 152 143 135 488.51 94 0 95 0 96 0 
28 -0.11615144617781725 0.7234392408655198 0.3942787896853479 158 150 140 501.61 94 0 95 0 96 0 
29 -0.07424821296310169 0.6655260565016848 0.4097291787277886 152 146 138 478.48 94 0 95 0 96 0 
30 0.8929576467590623 1.5101032566317556 0.23608913919957164 40 42 47 690.78 94 0 96 0 97 0 
31 -0.10525589652863099 0.6805252558345972 0.3929937502674583 160 151 140 481.33 94 0 95 0 96 0 
32 0.45075593179043816 -0.07204268372373104 0.6041314268676232 161 161 163 319.93 94 0 95 0 96 0 
33 -0.06953950676694332 0.6469301796113164 0.39435489404404866 154 143 131 464.68 94 0 95 0 96 0 
34 -0.10035745253513495 0.6815193631991264 0.38027165685172837 134 130 124 476.9 94 0 95 0 96 0 
35 -0.022253294220617725 0.568948174434673 0.40926426408644234 137 133 125 452.24 94 0 95 0 96 0 97 0 
36 -0.15751705630206958 0.7307452209056334 0.35937034253585654 147 140 136 540.57 94 0 96 0 98 0 
37 -0.1346547963919016 0.7171065096151193 0.36552689004109973 117 114 109 489.94 94 0 95 0 96 0 
38 -0.16202828003384528 0.7528636709179047 0.35228843266127563 124 136 144 547.54 94 0 95 0 96 0 97 0 98 0 
39 -1.0506720250195225 0.2874113880794146 0.44850379997859946 156 167 177 385.61 94 0 95 0 96 0 
40 2.8571120766673945 3.3163770977165083 -0.20356818554642708 218 224 214 3768.64 94 0 95 0 96 0 97 0 
41 -0.13254433732701587 0.6981936145338495 0.36464458203774597 150 144 136 481.01 94 0 95 0 96 0 
42 -0.054288400288024175 0.5838658442573771 0.38079139665107364 135 127 123 432.58 94 0 95 0 96 0 
43 -0.17554414922667716 0.7375319608436334 0.33609107769214397 147 147 144 561.54 94 0 96 0 97 0 99 0 
44 0.0007051331945659989 0.5180985400488934 0.3920104355391121 168 169 167 407.74 94 0 95 0 96 0 
45 -0.1272925277305763 0.6737187339061238 0.3500919930800761 139 135 128 464.47 94 0 95 0 96 0 
46 0.7342836218848556 1.339743912307118 0.1947235234942173 48 67 85 620.45 94 0 95 0 96 0 
47 -0.14489864619926518 0.72075654600293 0.3334239530454699 148 142 133 480.81 94 0 95 0 96 0 
48 -0.043590012682661605 0.5663455063881316 0.36570155830582585 127 120 116 419.47 94 0 95 0 96 0 
49 0.05017694330798106 0.4315907191698575 0.3961384737446154 120 110 105 410.0 94 0 95 0 96 0 97 0 99 0 
50 -0.16482121512669856 0.7144451675411111 0.32108030019740563 131 128 123 528.5 94 0 95 0 96 0 97 0 99 0 
51 -0.02557574004380836 0.5398604222066684 0.36527871297042425 122 113 105 407.9 94 0 95 0 96 0 
52 0.23532449263044208 1.0321812660547416 0.2366549312339481 98 104 109 548.63 94 0 95 0 96 0 
53 -0.1136888110365164 0.6822252881234253 0.3216373363937446 145 138 131 456.91 94 0 95 0 96 0 
54 -0.03827434620257719 0.561970195958677 0.35010583375906035 152 153 151 411.9 94 0 95 0 96 0 
55 -0.12791781798524982 0.655764953147235 0.3224442633350495 151 148 144 446.64 94 0 95 0 96 0 
56 -0.15252128263539788 0.6915769586048311 0.3080454510528967 152 148 139 511.77 94 0 95 0 96 0 97 0 99 0 
57 2.9795560793539924 3.137603187005937 -0.3092163452798219 227 243 253 3585.44 94 0 95 0 96 0 
58 0.39977889440814396 -0.07226659355604617 0.494018093689089 160 162 160 290.14 94 0 96 0 98 0 
59 2.8679908354085786 3.3195142318504893 -0.3603991961332055 142 165 183 3651.8 94 0 95 0 96 0 
60 -0.2032073201511433 0.7675192358501887 0.2836672506775655 125 134 149 514.6 94 0 95 0 96 0 97 0 
61 -0.15786464252605814 0.6878258857515919 0.2940573185057962 131 129 124 506.12 94 0 95 0 96 0 97 0 99 0 
62 -1.0912228487954097 0.19881294351857534 0.43182077559862986 39 45 47 332.99 94 0 95 0 96 0 
63 -0.03158513012609676 0.4880779716312297 0.3380720532177166 154 144 136 395.03 94 0 95 0 96 0 97 0 
64 -0.0314759902752999 0.5366462124572525 0.32144781222593677 130 125 121 391.4 94 0 95 0 96 0 
65 -0.11113616491269962 0.8246105865318625 0.2484705151873512 87 101 127 494.69 94 0 95 0 96 0 
66 -0.19974554871383843 0.7361722308562774 0.271463908470605 119 103 104 527.03 94 0 95 0 96 0 97 0 99 0 
67 -0.12033118024847722 0.6279905072634587 0.2959520242884248 118 117 114 489.57 94 0 96 0 97 0 99 0 
68 2.8522740632457637 3.2670151916390293 -0.40978203281501535 144 192 214 2662.22 94 0 95 0 96 0 97 0 98 0 
69 0.9657535129698682 1.4897829252599437 0.054392763271021494 48 48 61 625.18 94 0 95 0 96 0 
70 -0.1169511428104637 0.6619013822685998 0.2799397359959581 143 136 126 433.34 94 0 95 0 96 0 
71 0.03707982830810774 0.40071022827929104 0.3377778327969292 137 138 134 358.29 94 0 95 0 96 0 97 0 
72 0.728618738226968 -0.5349200816922435 0.5564085448116363 151 158 165 334.3 94 0 95 0 96 0 
73 2.8475471958211798 3.204499069638434 -0.43548141618064873 204 222 237 2696.42 94 0 95 0 96 0 97 0 
74 -0.17408727767952525 0.7095673748259267 0.2534426084324126 146 141 135 473.37 94 0 95 0 96 0 97 0 
75 -0.1619420305653021 0.6684552245384704 0.2625036310042872 118 115 113 487.25 94 0 95 0 96 0 97 0 99 0 
76 -0.12341377880098614 0.6045107861810973 0.27294371586086164 151 151 145 437.6 94 0 96 0 97 0 
77 -0.14182797985201434 0.6316746966545342 0.26546724675942635 92 91 94 469.08 94 0 95 0 96 0 97 0 99 0 
78 0.06505209876956997 0.3336622227156457 0.32895475865894075 111 100 94 360.13 94 0 96 0 97 0 99 0 
79 0.36402721319561415 0.00557752222664018 0.3965259020094325 84 99 120 275.56 94 0 95 0 96 0 97 0 98 0 99 0 
80 2.66137871678372 3.2313003408758276 -0.47393706938430225 214 240 252 1902.49 94 0 96 0 97 0 98 0 
81 -0.12246403588750576 0.5831770300067417 0.25667186504669814 125 122 115 391.45 94 0 95 0 96 0 
82 0.4395808714411409 -0.1985455642378733 0.4187318030163327 185 179 171 262.24 94 0 96 0 98 0 
83 -0.12217709469628923 0.5975650019586333 0.24264223728789402 137 134 130 423.82 94 0 96 0 97 0 
84 0.06425561588409634 0.32520372608140835 0.2958416038842193 128 125 119 346.29 94 0 96 0 97 0 99 0 
85 8.958569608953821 6.124603952832858 -1.5741492210917905 179 210 223 nan 94 0 95 0 96 0 
86 -0.20492187372502135 0.6978331904437195 0.21702194666626617 131 130 123 508.53 94 0 96 0 97 0 99 0 
87 -0.23084627968595628 0.7474118730346656 0.20006478171247655 134 138 141 479.27 94 0 95 0 96 0 97 0 
88 2.549794700099782 3.1228382540567434 -0.535268784467948 175 177 163 1761.55 94 0 95 0 96 0 97 0 
89 0.011819904092143396 0.37547030091672495 0.2623677870374288 137 137 134 310.5 94 0 95 0 96 0 
90 0.32848485735319555 0.007658781558681355 0.3264563679621484 136 157 174 254.12 94 0 95 0 96 0 97 0 98 0 
91 0.30625520665693395 -0.03549428163468407 0.3372917734276182 47 52 57 254.51 94 0 95 0 96 0 
92 -0.2185870066530149 0.7097888265427931 0.1878923372857868 136 136 135 489.74 94 0 95 0 96 0 97 0 99 0 
93 -0.21864485373558562 0.6909169012079593 0.18948641875220273 131 131 128 498.83 94 0 96 0 97 0 99 0 
94 -0.24571330465389485 0.7414427288142101 0.17864323451899522 135 137 144 470.91 94 0 95 0 96 0 97 0 
95 -0.20100556309259732 0.6617472793370339 0.19068586308808388 115 112 110 465.73 94 0 95 0 96 0 97 0 99 0 
96 0.28637660680533505 -0.042384429964566955 0.3120331962437901 90 87 87 242.73 94 0 96 0 98 0 
97 -0.16658206425313837 0.6036557353220687 0.17797164866278647 130 124 118 430.74 94 0 95 0 96 0 97 0 99 0 
98 -0.23524321759935285 0.6987159308672451 0.16044414943217555 136 129 127 442.92 94 0 95 0 96 0 97 0 
99 -0.1963954338941778 0.6490648178147184 0.16295991625405848 126 124 120 450.26 94 0 95 0 96 0 97 0 99 0 
100 -0.14594848669169602 0.5681658487735627 0.17783665754129485 131 124 116 380.48 94 0 95 0 96 0 97 0 
101 -0.17411843252558734 0.6188831954666189 0.16201294845953318 130 128 124 433.38 94 0 95 0 96 0 97 0 99 0 
102 0.8788838328333539 -0.8359456409741248 0.40131037515760215 164 183 199 377.29 94 0 95 0 96 0 97 0 98 0 99 0 
103 0.05771534373221865 0.25189478500006335 0.21376336826281328 84 87 99 273.54 94 0 95 0 96 0 98 0 
104 -1.1375606474779496 0.07486752767631541 0.37614407908637415 16 16 16 254.55 94 0 95 0 96 0 
105 -0.22749598938271953 0.6663516400228203 0.13485723517933312 140 136 128 471.49 94 0 96 0 97 0 99 0 
106 0.12945461587575524 0.13764458954424427 0.2219391614724764 56 59 59 255.67 94 0 95 0 96 0 97 0 98 0 99 0 
107 0.3340196544479115 -0.13958411004899954 0.2649953103160587 151 142 138 226.62 94 0 95 0 96 0 98 0 
108 2.963466641562919 -2.8885282818974507 0.6449051749776373 51 60 66 1123.19 94 0 95 0 96 0 
109 2.1144836946311214 2.209557405556309 -0.483744116759828 25 27 31 818.01 94 0 95 0 96 0 97 0 
110 0.05127630454838217 0.26174547389438796 0.19129688235320774 158 155 147 277.72 94 0 96 0 98 0 
111 -1.1418534255386947 0.059565817085143496 0.3660774620797933 28 31 30 244.92 94 0 95 0 96 0 
112 -0.14608438805254176 0.5153377407117047 0.13747059704266285 130 126 120 343.69 94 0 95 0 96 0 97 0 
113 5.579031513001172 4.187815501923187 -1.3996540765376322 78 90 103 3570979.46 94 0 95 0 96 0 
114 0.8136130887972539 -0.7937475059111808 0.33255033365620434 192 210 224 368.09 94 0 95 0 96 0 97 0 98 0 
115 -0.11980144337011556 0.4705931301724148 0.1386524697741982 129 126 121 354.89 94 0 95 0 96 0 97 0 99 0 
116 0.13147270506510322 0.12234781336738729 0.19105789778391302 158 149 140 236.41 94 0 96 0 98 0 
117 0.8592580883441974 -0.8496024171345072 0.3328350144651313 203 230 243 377.0 94 0 95 0 96 0 97 0 98 0 99 0 
118 -0.2457073099157694 0.6743400836333652 0.10299512716913939 53 66 79 450.06 94 0 95 0 96 0 97 0 99 0 
119 -0.029900431202976474 0.3459493541372892 0.15079553214267372 102 96 94 261.88 94 0 95 0 96 0 
120 0.8762061250257458 -0.8990227372903361 0.3351693430115117 165 188 209 391.41 94 0 95 0 96 0 97 0 98 0 99 0 
121 -0.28205628746755274 0.7192078649919328 0.09242425699318302 88 84 97 435.67 94 0 95 0 96 0 97 0 
122 -0.2123244681512486 0.6049248016408068 0.1097576717564146 116 116 114 379.38 94 0 95 0 96 0 97 0 
123 -0.004256055688757865 0.31105405958436927 0.15218358402039245 117 110 104 251.65 94 0 95 0 96 0 
124 -0.19032279833843324 0.5755938423463723 0.11046706549293206 109 106 102 416.6 94 0 96 0 97 0 99 0 
125 -0.22447488542476268 0.6284751201974371 0.09196008308147063 79 87 97 440.14 94 0 96 0 97 0 99 0 
126 -0.1835841178591724 0.5535154146679789 0.09818215912192452 128 128 126 384.74 94 0 95 0 96 0 97 0 99 0 
127 -0.05296061020289944 0.3561444740682479 0.12493471809634404 104 102 100 299.29 94 0 95 0 96 0 97 0 99 0 
128 0.01361520152128648 0.275856434582196 0.13424984695616127 127 124 124 235.61 94 0 95 0 96 0 
129 0.3883049745657574 1.129481889028243 -0.11660757164434021 61 51 50 467.38 94 0 95 0 96 0 
130 -0.30009931479209895 0.7118540171235673 0.07253997960891434 131 140 145 397.75 94 0 95 0 96 0 
131 -0.11986526938710229 0.46686422345831524 0.10686263397420892 132 131 129 343.13 94 0 95 0 96 0 97 0 99 0 
132 -0.10006197825769769 0.43677821412324025 0.10534956444584509 121 118 118 328.4 94 0 95 0 96 0 97 0 99 0 
133 0.10256859935787777 0.1314955181858378 0.14748760022418428 142 131 127 219.98 94 0 95 0 96 0 98 0 
134 0.12328600602645157 0.08985170577681809 0.15256157671223036 148 140 137 212.95 94 0 95 0 96 0 98 0 
135 -0.25941711453368255 0.6599857367375334 0.06852343515748527 111 111 110 453.5 94 0 96 0 97 0 99 0 
136 0.6948279762015346 -0.767284308054266 0.26301750250694855 194 187 189 331.33 94 0 96 0 97 0 98 0 99 0 
137 -0.1758781919971386 0.5305629175846226 0.08309494855573996 98 94 92 369.03 94 0 95 0 96 0 97 0 99 0 
138 -0.15885597484103364 0.5138611867197326 0.08020437219095666 112 107 106 324.56 94 0 95 0 96 0 97 0 
139 -0.0798344955355561 0.3865906372099913 0.09162171265674712 124 128 126 302.25 94 0 95 0 96 0 97 0 99 0 
140 0.6873531206142749 -0.7680805417712914 0.24484128383682813 85 85 90 330.17 94 0 96 0 97 0 98 0 99 0 
141 0.5276297654134225 1.23272491254897 -0.2053800004894677 73 81 86 473.32 94 0 95 0 96 0 
142 -0.1743531486328398 0.5644487200381404 0.05477993574261841 138 140 139 315.43 94 0 95 0 96 0 
143 0.4286487619770478 -0.3963999068605556 0.18291740872377926 123 131 140 240.65 94 0 95 0 96 0 98 0 
144 6.709704692971869 5.2998660588367725 -2.1236694864623207 110 111 123 1259462608210.18 94 0 96 0 97 0 
145 0.6835754570294779 -0.7720251248443876 0.22888929883329512 79 71 73 330.38 94 0 96 0 97 0 98 0 99 0 
146 0.474781636216252 -0.4506746123461237 0.18188915472845268 136 127 132 255.04 94 0 95 0 96 0 98 0 
147 -0.18189399609654222 0.5304723617646935 0.056495542180259095 115 113 108 301.32 94 0 95 0 96 0 
148 -0.1361673865400732 0.45436116767416157 0.06846346934120184 111 103 100 304.11 94 0 96 0 97 0 
149 -0.30745371762093354 0.7054118160152806 0.031347301860781496 116 121 127 412.3 94 0 95 0 96 0 97 0 
150 0.50764003454674 -0.5186218570934478 0.18431933008132773 158 150 147 273.08 94 0 95 0 96 0 98 0 
151 -0.21623292245875403 0.5712549940737405 0.04511462766920049 117 116 112 380.21 94 0 95 0 96 0 97 0 99 0 
152 -0.20408286545757326 0.5506510758189286 0.04531084691139098 130 126 120 306.92 94 0 95 0 96 0 
153 -0.26922934294040646 0.6543627806272754 0.031239190329725997 115 113 109 353.68 94 0 95 0 96 0 
154 -0.13853341587804557 0.4453049793622118 0.05550452003200057 86 84 89 335.65 94 0 96 0 97 0 99 0 
155 -0.25055052286310175 0.6174057587970073 0.031070028676593475 132 129 123 362.83 94 0 95 0 96 0 97 0 
156 0.18428368642290005 -0.04164132835431503 0.11024273493821601 153 156 156 182.61 94 0 95 0 96 0 97 0 98 0 99 0 
157 -0.20623855501122224 0.5494750185546019 0.03252189323115129 127 125 118 339.65 94 0 96 0 97 0 
158 -0.1279578650612967 0.41715235781472415 0.04572278449156042 113 111 104 319.7 94 0 96 0 97 0 99 0 
159 -0.03143795644631053 0.28169674539231593 0.059468522954434055 120 111 105 262.08 94 0 96 0 97 0 99 0 
160 -0.14876281907998035 0.48299497343548603 0.029863263305607735 132 131 125 294.06 94 0 95 0 96 0 97 0 
161 0.465614002809035 -0.5102346140815136 0.1475470380782522 147 139 141 257.25 94 0 96 0 98 0 
162 -0.1001146181952608 0.45587299258152103 0.023972684620591878 138 137 131 288.26 94 0 96 0 97 0 
163 0.016056027615866775 0.20303079141708932 0.05870211269287706 111 106 105 209.51 94 0 95 0 96 0 98 0 
164 -0.3004477329263713 0.6814811030288165 0.003473812596969106 106 109 112 390.83 94 0 95 0 96 0 97 0 
165 -0.5922955271655357 0.4275378437994314 0.11454466155662324 103 114 106 359.7 95 0 96 0 97 0 
166 6.551875248304892 4.658015044583043 -2.208861409313167 135 167 177 70861722.01 94 0 95 0 96 0 
167 0.9815292334934125 1.4998802038372128 -0.43754258800721957 45 63 82 491.13 94 0 95 0 96 0 
168 0.4933990471139891 1.1894923148518428 -0.27447581819071565 83 84 101 439.13 94 0 95 0 96 0 
169 -0.1737683325393342 0.7789806606134356 -0.05379889791985071 104 110 126 378.93 94 0 95 0 96 0 
170 0.044650647729341575 0.921815679433437 -0.13125129582370643 92 84 98 402.46 94 0 95 0 96 0 
171 -0.04794669742919844 0.24484188909897173 0.03934428062530415 137 131 127 226.6 94 0 96 0 98 0 
172 -0.32237232924302406 0.6946562272238311 -0.01979740892259052 101 106 115 361.0 94 0 95 0 96 0 
173 -0.010752669283640603 0.24902358546309342 0.015896413592533465 152 145 139 187.79 94 0 95 0 96 0 
174 -0.11171571112436274 0.8228639710873579 -0.0948244328814758 61 59 77 381.91 94 0 95 0 96 0 
175 -0.550935361215267 0.41943189065971465 0.08128607996361548 138 138 124 324.97 94 0 96 0 97 0 
176 0.40824690158853216 -0.4392041365996796 0.08123799596813597 142 142 144 230.1 94 0 96 0 98 0 
177 0.3039239226946209 1.0859214368116068 -0.25453053053636243 111 111 119 415.93 94 0 95 0 96 0 
178 0.19673473088989235 -0.16019795289258168 0.0441578186145406 145 140 137 162.31 94 0 96 0 98 0 
179 0.06998856120950947 0.08898227211660079 0.00763072674054821 162 157 150 168.62 94 0 95 0 96 0 98 0 
180 0.47053729822391466 1.18266523664411 -0.32604325715474824 95 108 125 423.43 94 0 95 0 96 0 
181 -0.541041567164886 0.4840030953005957 0.04618922528884095 60 85 77 328.75 94 0 95 0 96 0 97 0 
182 0.05645358251688082 0.9265970847995467 -0.18272305502898445 59 84 110 388.57 94 0 95 0 96 0 
183 -0.01858335056063032 0.17344021141859342 -0.01903445449162433 88 90 97 176.91 94 0 95 0 96 0 98 0 
184 0.03690868373051348 0.08287780578283352 -0.013976231420805618 166 159 145 165.34 94 0 96 0 98 0 
185 0.38192402706424633 -0.5245890339227192 0.0411381656274763 210 209 207 256.57 94 0 95 0 96 0 98 0 
186 0.11319384439877478 -0.01711318296295819 -0.015830232981704384 179 169 157 150.6 94 0 95 0 96 0 97 0 98 0 99 0 
187 -0.44608265211775766 0.31285572497089287 0.03526075347457214 125 123 111 310.98 94 0 96 0 97 0 99 0 
188 0.1531746664716005 -0.10990542175619714 -0.011248748572165956 155 144 133 152.11 94 0 95 0 96 0 98 0 
189 -0.14110917201500373 0.8048013248928305 -0.151490338789664 90 79 76 359.36 94 0 95 0 96 0 
190 0.30584562596302334 1.0820358272292048 -0.32013540488055703 49 37 43 395.94 94 0 95 0 96 0 
191 0.18886979847960594 -0.16365597260522338 -0.013843670635042438 150 144 138 157.09 94 0 95 0 96 0 98 0 
192 -0.3097744926238053 0.6949289563058396 -0.08960166748737142 78 91 109 338.71 94 0 95 0 96 0 
193 0.449042534054243 -0.5208059664384398 -0.0018165685144908572 64 79 90 286.86 94 0 95 0 96 0 
194 0.018716858358205357 0.09586041084677785 -0.04080325658237682 151 144 135 153.94 94 0 95 0 96 0 98 0 
195 0.036662520739495275 0.065043187832828 -0.04001487434323581 131 126 128 154.46 94 0 96 0 98 0 
196 -0.5498901192952523 0.5544513562882626 -0.020020142291656606 47 61 65 304.45 94 0 95 0 96 0 
197 -0.639599126292119 0.588756960367001 -0.008259667779271007 109 122 125 335.18 94 0 95 0 96 0 
198 0.01594152353651923 0.07596160559224638 -0.06692416083600206 91 86 87 143.09 94 0 95 0 96 0 98 0 
199 0.009440479683293201 0.01752961422649077 -0.05527791282389649 66 51 49 132.85 94 0 95 0 96 0 
200 -0.021647602092794926 0.13561137935660347 -0.07743144069603014 148 151 148 150.26 94 0 95 0 96 0 98 0 
201 0.5715617354035096 -0.8090394285779466 -0.02700686780504058 179 163 154 352.64 94 0 95 0 96 0 97 0 98 0 
202 0.15391899409380816 -0.15208024651898203 -0.06468181804729878 36 32 32 128.5 94 0 95 0 96 0 97 0 98 0 99 0 
203 0.17526342870186484 -0.20183441472771926 -0.07375495711979707 115 116 116 150.03 94 0 95 0 96 0 98 0 
204 0.15512606030512144 -0.12825622157844632 -0.0899173939115907 30 26 25 120.0 94 0 96 0 97 0 98 0 
205 0.5684644250219815 -0.8321150888728932 -0.059886144666801755 131 112 110 345.25 94 0 95 0 96 0 97 0 98 0 99 0 
206 0.09986628052306523 -0.05402391247602037 -0.11076630806550147 58 56 49 124.5 94 0 96 0 98 0 
207 -0.020594412308267085 0.0788229722230128 -0.1107813739939254 117 114 103 137.43 94 0 96 0 98 0 
208 0.14046985948127855 -0.10306140807967382 -0.11787330770259197 74 55 58 124.28 94 0 96 0 98 0 
209 0.1301446344447572 -0.12865965326063125 -0.11316738377486013 108 103 109 124.31 94 0 96 0 98 0 
210 0.5149832906702516 -0.7799197393454258 -0.09620602817932378 155 154 151 316.31 94 0 96 0 97 0 98 0 99 0 
211 0.5800732225598486 -0.8528227774317806 -0.10451786226894355 113 92 93 354.77 94 0 95 0 96 0 97 0 98 0 99 0 
212 0.09602271995053924 -0.06498314416947573 -0.15429687666191438 125 109 117 115.16 94 0 96 0 98 0 
213 0.11662459061305075 -0.1091925954088189 -0.15309642155508674 127 106 110 116.13 94 0 96 0 98 0 
214 -0.3941708305199976 1.2933482551760704 -0.3699591652126042 29 47 41 592.95 94 0 95 0 96 0 
215 0.2858227050135089 -0.5425011290105703 -0.27185953187608947 130 120 118 261.5 94 0 95 0 96 0 98 0 
216 -0.5058435210904881 1.1134797146616546 -0.35127528975106626 71 77 72 529.42 94 0 95 0 96 0 
217 -0.5125756835359665 1.1945728615440834 -0.3801585544353817 42 53 45 570.56 94 0 95 0 96 0 
218 0.26518029652938013 -0.5984147958398514 -0.308124009743337 72 100 117 283.78 94 0 95 0 96 0 98 0 
219 -0.7308013649208704 0.3518353594343623 -0.12414944027541797 52 70 67 227.32 94 0 95 0 96 0 97 0 
220 0.9218779874856136 -1.7586556483720697 -0.46220384700825423 173 156 161 681.47 94 0 95 0 97 0 98 0 
221 1.0973966373091852 -2.099858031832779 -0.47664011822100816 185 181 201 778.99 94 0 96 0 97 0 
222 -0.5077417399968724 1.2082864427349997 -0.4571277623516786 40 50 46 561.92 94 0 95 0 96 0 
223 -0.7835689976917237 0.24838103768170602 -0.15171706451345224 26 32 31 173.93 94 0 95 0 96 0 97 0 
224 -0.5327924719517498 1.0215065583412304 -0.42404622509593404 23 32 21 512.39 94 0 95 0 96 0 97 0 
225 -0.7711037437150043 0.16681400004880995 -0.15264154447937273 69 84 84 97.55 94 0 95 0 96 0 
226 0.5555687120034731 -1.8801704721083443 -0.3748845247692222 138 158 185 731.84 94 0 96 0 97 0 
227 0.42704652519221087 -1.5804452864641336 -0.4040550898666052 57 87 62 642.57 94 0 95 0 96 0 
228 -0.825225284714143 0.31871706165994673 -0.19548324820738516 28 46 47 153.57 94 0 95 0 96 0 
229 -0.1707664366322601 -0.05912667929232887 -0.48453844699295257 58 49 54 114.97 94 0 96 0 97 0 
230 -0.32415984642318474 -0.12594432679140635 -0.40281351446286295 25 27 32 144.19 94 0 95 0 96 0 97 0 98 0 
231 -0.18031627993141974 -0.03585165602523002 -0.5026746861325383 50 59 55 122.39 94 0 95 0 96 0 97 0 98 0 
232 -0.48034822430558366 -0.22517889700214458 -0.31841865358850063 14 18 18 192.74 94 0 96 0 97 0 98 0 99 0 
233 -0.46933091985527087 -0.25066730965787076 -0.3195522485332134 14 16 17 203.58 94 0 95 0 96 0 
234 -0.4257510240421536 -0.5408296120795435 -0.293617936661157 33 47 57 327.53 94 0 95 0 96 0 
235 -0.5250616204789194 -0.2507595052467303 -0.2966891949019864 20 25 31 206.76 94 0 95 0 96 0 
236 -0.445968354052225 -0.5502847251807277 -0.29163019581667393 34 46 61 334.62 94 0 95 0 96 0 
237 -0.5466399715246015 -0.26169966710357795 -0.2945877892551654 29 44 56 209.2 94 0 95 0 96 0 98 0 
238 -0.4649049379418302 -0.5616562524661083 -0.29222584098964044 43 61 75 309.6 94 0 95 0 96 0 98 0 
239 0.003438874685496085 -1.3266472257362587 -0.4099291761661146 124 96 104 567.99 94 0 96 0 97 0 98 0 99 0 
240 -0.008178842819909438 -1.386446371593554 -0.39261410437646493 106 106 109 597.91 94 0 95 0 96 0 97 0 98 0 99 0 
241 -0.5632653357690489 -0.2723300198451394 -0.2947299953703578 16 24 31 222.73 94 0 95 0 96 0 
242 -0.05607456701901725 -1.4619794719058687 -0.3617312324497902 127 110 134 644.5 94 0 96 0 98 0 
243 -0.48038336538827986 -0.574104478295249 -0.29390893039845534 55 77 87 329.26 94 0 95 0 96 0 97 0 
244 -0.5851355557516302 -0.28247200307114484 -0.2933334685845804 51 58 72 222.31 94 0 96 0 98 0 
245 -0.5141489109724513 -0.5958704223878233 -0.28349286321545075 16 19 22 343.71 94 0 95 0 96 0 97 0 
246 -0.5299340751956341 -0.605549275577085 -0.27297954748325004 32 42 51 326.05 94 0 95 0 96 0 97 0 98 0 
247 -0.5468451115119168 -0.6149649021330755 -0.2634313750631624 41 46 58 331.68 94 0 95 0 96 0 97 0 98 0 
248 -0.5970414416680012 -0.2967241390175547 -0.29459841814996823 82 111 121 240.4 94 0 95 0 96 0 
249 -0.6193762172924271 -0.3064344075109734 -0.29354811886737775 42 51 67 249.12 94 0 95 0 96 0 
250 -0.6356304484855051 -0.3176266131387454 -0.29465003669632095 20 26 34 258.09 94 0 95 0 96 0 
251 -0.46689043104745265 -0.585817973845393 -0.34293640441779094 82 87 88 321.37 94 0 95 0 96 0 97 0 98 0 
252 -0.7783842637178595 0.9943835400818929 -0.4594128098749606 30 51 46 532.86 94 0 95 0 96 0 
253 -1.1827731055483626 0.5279512702532559 -0.13998412878184796 71 69 99 374.96 94 0 95 0 96 0 
254 -0.669501299182798 -0.3386473246903453 -0.28369893253604594 16 18 20 261.69 94 0 95 0 96 0 98 0 
255 -0.7205469504920701 -0.05177761951499785 -0.32044330422876255 62 88 61 192.59 94 0 96 0 97 0 
256 -0.48636230311935913 -0.590831581975741 -0.36682515882021605 118 124 117 372.92 94 0 95 0 96 0 
257 -1.1926242752291079 0.5216677926649752 -0.15268407650763116 73 82 111 375.86 94 0 95 0 96 0 
258 -0.5397091644400605 -0.6085491928840201 -0.3434725017056448 38 44 49 334.04 94 0 95 0 96 0 97 0 98 0 99 0 
259 -0.7766948667415563 0.9592386495194022 -0.4845157086143511 25 35 31 509.55 94 0 95 0 96 0 
260 -1.2016607749347803 0.5381853567624238 -0.15418022169938594 125 65 94 392.4 94 0 95 0 96 0 
261 -0.6495623483499258 -0.3230144007253829 -0.3323616789641316 118 115 113 273.09 94 0 95 0 96 0 
262 -0.805289981322916 0.09435130629771735 -0.31309657970083526 22 35 21 294.82 94 0 96 0 97 0 99 0 
263 -0.6096277141253119 -0.5016988367513459 -0.3412543603938569 146 140 140 351.82 94 0 95 0 96 0 
264 -0.6200388635537801 -0.5111866576711862 -0.3325966436626562 112 127 122 321.93 94 0 96 0 98 0 
265 -1.2102955295748092 0.5358052361936353 -0.1630238989569226 103 36 50 395.56 94 0 95 0 96 0 
266 -0.8096039791282448 0.04580481472291961 -0.3200117614359308 38 56 39 168.81 94 0 95 0 96 0 
267 -0.8102515637622463 0.17157547945169802 -0.34111270970456886 30 41 29 206.62 94 0 95 0 96 0 97 0 
268 -1.2205837215503212 0.5692111592478973 -0.16834507235800533 107 61 67 426.55 94 0 95 0 96 0 
269 -1.1901416752394947 0.5075116775002845 -0.1754407255814192 61 92 95 368.68 94 0 95 0 96 0 
270 -0.8129733719666041 0.2975164933238065 -0.3720045510697285 31 40 31 186.25 94 0 95 0 96 0 
271 -0.798236925204423 -0.01140420856965943 -0.3317784703016673 44 67 40 204.61 94 0 95 0 96 0 97 0 
272 -0.7793973606037361 -0.08683281183600258 -0.3292834601505725 43 62 36 219.82 94 0 96 0 97 0 
273 -0.7086560932710992 -0.4584418779626742 -0.31608309333599327 106 99 110 349.2 94 0 95 0 96 0 
274 -0.6931444942748834 -0.3053647655534354 -0.35176795490362567 57 59 55 276.0 94 0 96 0 98 0 
275 -0.7131886812743589 -0.27933686578293526 -0.3461207345497658 43 40 45 271.83 94 0 95 0 96 0 98 0 
276 -0.8396458807127787 0.3140624792083314 -0.36701521175824725 28 31 23 197.7 94 0 95 0 96 0 
277 -0.8389145532438653 0.18535534007207696 -0.3467277746008235 36 47 30 281.86 94 0 96 0 98 0 
278 -0.7415303386111405 -0.38213145067569176 -0.31873463688287385 56 69 70 308.4 94 0 95 0 96 0 98 0 
279 -0.8592534441173356 0.3936434129211469 -0.3743745883777857 26 43 32 291.39 94 0 95 0 96 0 97 0 
280 -0.8461870001183214 0.1437237464565396 -0.34023460415827544 39 63 32 240.18 94 0 96 0 97 0 
281 -0.7747943960237484 -0.1595754741080894 -0.3388146881488895 89 82 81 232.7 94 0 95 0 96 0 
282 -0.8036302021870925 -0.42203569202900326 -0.2869304437575283 106 99 116 350.45 94 0 95 0 96 0 
283 -1.232675513377794 0.5569930379872366 -0.17818681986045215 91 39 44 424.71 94 0 95 0 96 0 
284 -0.7887888111609702 -0.21690390187445577 -0.3329394963015855 72 65 77 299.31 94 0 96 0 97 0 98 0 99 0 
285 -0.8794809173293072 0.3065951192054338 -0.36306885442277104 29 43 33 265.87 94 0 95 0 96 0 97 0 
286 -1.2232133679231287 0.5456463990008843 -0.18845393848634884 57 76 96 413.72 94 0 95 0 96 0 
287 -1.2056520088907288 0.5164255601975493 -0.19373100267414745 29 33 29 385.77 94 0 95 0 96 0 
288 -0.8647643220957133 0.3265152766892877 -0.3796516660033942 15 27 17 330.22 94 0 96 0 98 0 
289 -1.2090227080482703 0.5311225837651731 -0.19678354466665748 57 24 30 398.29 94 0 95 0 96 0 
290 -0.8384715168234806 -0.05728480315083698 -0.33768644508545287 72 66 70 283.0 94 0 95 0 96 0 97 0 99 0 
291 -0.8371317975101733 -0.07848561496038312 -0.3365431373665875 58 54 55 304.34 94 0 96 0 97 0 99 0 
292 -0.8342480016806881 -0.11820835003006783 -0.33216245195655425 74 63 73 286.67 94 0 95 0 96 0 97 0 99 0 
293 -1.298441605993276 0.5932917194538524 -0.1540077878257291 56 69 71 483.63 94 0 95 0 96 0 
294 -0.8612318920390463 0.1756419868873705 -0.36518927854527516 61 77 70 257.45 94 0 96 0 97 0 
295 -0.8430838470746083 0.05619730964593836 -0.35683300890895564 55 54 54 222.8 94 0 95 0 96 0 97 0 
296 -0.8418369660089073 -0.15507239242934992 -0.32480310132962487 95 90 104 271.89 94 0 95 0 96 0 98 0 
297 -0.843980625370945 -0.05787135496144749 -0.3439839299974988 64 68 86 233.32 94 0 95 0 96 0 97 0 
298 -0.8720861193132179 0.02073588576309801 -0.3414230682327485 68 54 60 294.53 94 0 95 0 96 0 97 0 99 0 
299 -0.8530137369172905 0.14818398446875544 -0.37371363734267815 43 43 44 253.95 94 0 96 0 97 0 
300 -0.8684537162684802 -0.17191797796400912 -0.312815036504662 115 113 126 324.2 94 0 96 0 97 0 98 0 99 0 
301 -0.858671241485689 0.13317873626372054 -0.3691637719739922 44 40 41 303.36 94 0 95 0 96 0 97 0 99 0 
302 -0.8743826044011045 0.03858055220649134 -0.3441408473485966 66 58 65 231.15 94 0 95 0 96 0 97 0 
303 -0.8960285146667712 0.021530281688886127 -0.3358096634588129 78 69 78 254.81 94 0 96 0 97 0 
304 -0.8943476916601676 0.34262680950098 -0.4000303784830993 47 42 41 349.03 94 0 95 0 96 0 97 0 98 0 
305 -0.8935715748743966 0.36096365907223904 -0.4074243060496584 86 80 75 356.79 94 0 95 0 96 0 97 0 98 0 
306 -0.04835051541352087 0.8728680852019847 0.7078826733221177 35 48 38 727.35 95 0 96 0 97 0 98 0 
307 -1.3281896684367247 0.0782018735337103 0.6035482660490921 35 47 48 526.17 95 0 96 0 97 0 
308 -0.010654190080085169 0.7232120923001671 0.6059208926815252 155 138 127 600.6 95 0 96 0 97 0 
309 -1.2379105176842846 -0.11613866510516005 0.6582400340635894 65 77 90 456.24 95 0 96 0 97 0 
310 -1.231578496144453 -0.10688627345477811 0.6460168215883835 38 47 54 445.57 95 0 96 0 97 0 
311 -1.302808074290748 -0.05071953967206358 0.6172983004079093 29 31 31 460.61 95 0 96 0 97 0 
312 -1.2770947134722554 -0.14228721415997106 0.6245522248144164 23 30 35 430.25 95 0 96 0 97 0 
313 -1.2949157536520248 -0.07631271895720984 0.6014428697403755 27 34 33 432.42 95 0 96 0 97 0 
314 -0.553477649207216 -0.02300039136134782 0.646747642844975 123 138 106 369.71 95 0 96 0 97 0 
315 0.12757936094381606 0.44701223665313095 0.5470365123370056 62 71 82 477.09 95 0 97 0 99 0 
316 0.07900567308842277 0.4944012334403606 0.5258277826459958 131 125 115 495.0 95 0 97 0 99 0 
317 -1.311436033021495 0.006859119001560859 0.5602271672103531 24 26 28 435.45 95 0 96 0 97 0 
318 0.014349446909679653 0.5657499189382685 0.4964944466071217 132 129 125 523.72 95 0 97 0 99 0 
319 0.8455988630315288 1.5230954452773933 0.25606860441337864 51 73 102 704.74 95 0 96 0 97 0 
320 -1.300661583066923 -0.13044910667145784 0.5714218214792066 34 41 45 388.48 95 0 96 0 97 0 
321 0.004021480724170967 0.5474399334294883 0.44079026604850124 144 140 133 489.82 95 0 96 0 97 0 99 0 
322 0.8641277002061065 1.4601693671871703 0.23170227085551942 103 103 101 672.5 95 0 96 0 97 0 
323 0.1734540428132183 0.3115185684536025 0.4863364701247024 133 124 116 401.75 95 0 97 0 99 0 
324 -1.3084113768740262 -0.14516214305078648 0.5637854763385983 21 22 23 380.09 95 0 96 0 97 0 
325 0.1229699891505649 0.35838974771935395 0.4608697177359473 104 103 107 415.49 95 0 97 0 99 0 
326 -1.2995917770221825 -0.13610616030859482 0.559907829399666 35 40 40 375.95 95 0 96 0 97 0 
327 -1.3149804900728301 -0.16307455049528055 0.5643565983300236 50 59 67 379.49 95 0 96 0 97 0 
328 -0.18179824158811808 0.7825974396203018 0.3488511911281367 153 160 166 561.69 95 0 96 0 97 0 
329 0.8623692250972059 1.4323956649719387 0.20501128705452865 28 27 28 654.32 95 0 96 0 97 0 
330 -0.005826977791782095 0.5368056284445054 0.40713976419151154 108 109 103 484.54 95 0 97 0 99 0 
331 0.0539732539641018 0.44850774326044773 0.42593578658912823 132 132 128 446.65 95 0 97 0 99 0 
332 -0.0277991666233115 0.5657048135170378 0.39725455952128863 146 146 142 459.95 95 0 96 0 97 0 
333 2.334682223119466 3.138924205409524 -0.18423466665534405 208 221 218 1820.91 95 0 96 0 97 0 
334 0.025953670041649612 0.4787926304691482 0.41066086567551796 140 143 141 457.35 95 0 97 0 99 0 
335 -1.302433751920805 -0.1382666083895329 0.5523139710633125 22 28 31 368.92 95 0 96 0 97 0 
336 2.582401093132569 3.227546941135306 -0.2216009359294906 217 248 250 2363.26 95 0 96 0 97 0 
337 0.18730126826132887 0.2667338248506069 0.4523441487955666 112 118 122 373.89 95 0 97 0 99 0 
338 0.04408254958852087 0.46532927875107666 0.3967650674202541 107 105 102 444.83 95 0 97 0 99 0 
339 0.24727402514038976 0.1877736840409697 0.4608972377729419 175 177 181 346.6 95 0 97 0 99 0 
340 -1.3252220423910877 -0.1626311825903838 0.5511799697823283 29 36 42 369.71 95 0 96 0 97 0 
341 -0.17241442714723076 0.7637429713937479 0.3213311561447365 143 142 139 574.05 95 0 96 0 97 0 99 0 
342 2.710070674977895 3.3179439418134145 -0.2965424950655192 122 144 145 2791.9 95 0 96 0 97 0 
343 -1.0719788459914468 0.24913628817151987 0.433489307511266 47 67 85 508.83 95 0 96 0 98 0 
344 -1.331836590042096 -0.1679915262774835 0.5418445518579718 42 53 64 361.86 95 0 96 0 97 0 
345 -1.3365913202642727 -0.19597510890676242 0.5427038919892886 28 33 35 362.08 95 0 96 0 97 0 
346 2.8580334200661888 3.2138260263372476 -0.3705660938092993 175 191 196 2768.16 95 0 96 0 97 0 
347 2.7251810911058043 3.087986112469316 -0.34041892917328276 214 227 227 2169.97 95 0 96 0 97 0 
348 -1.32538491820225 -0.15657720883073437 0.5278643186593355 35 41 44 348.24 95 0 96 0 97 0 
349 2.775648965696589 3.3518996727671038 -0.43025312172664465 168 182 178 2468.26 95 0 96 0 97 0 98 0 
350 2.95191812916652 3.0954304090596905 -0.37866071734077866 227 233 247 2696.73 95 0 96 0 97 0 
351 -1.3374683515583237 -0.09641987941691635 0.5098292280797214 29 34 37 348.2 95 0 96 0 97 0 
352 0.9397064611513528 -0.837691200142571 0.6006020763838034 70 75 76 385.41 95 0 97 0 98 0 99 0 
353 1.3104242465290912 -1.3870402400273913 0.721397746127165 108 89 83 563.19 95 0 97 0 98 0 
354 1.369927778803854 -1.4723427378245153 0.7228963716007051 66 82 98 588.86 95 0 97 0 99 0 
355 0.2341341887815811 0.1632441059311532 0.3654533634628778 124 138 139 309.86 95 0 97 0 99 0 
356 -1.3311604271235002 -0.15790413060964906 0.5154188047633939 50 61 68 337.72 95 0 96 0 97 0 
357 -0.07777954048433822 0.5653898807556498 0.28194816367026787 89 91 88 466.48 95 0 97 0 99 0 
358 0.17037827100787695 0.19494018856549808 0.35742347808291175 139 127 117 323.65 95 0 97 0 98 0 99 0 
359 -1.3431781169673687 -0.10469453374452967 0.4985956302200458 37 44 53 423.39 95 0 96 0 97 0 98 0 
360 2.579285017909651 3.2296752755809677 -0.488174091831327 146 189 204 1974.02 95 0 96 0 97 0 
361 -1.3417847356268147 -0.13649251815166244 0.5046868346649378 39 51 59 333.8 95 0 96 0 97 0 
362 -0.17893342794409373 0.6917081010489506 0.24135234439414743 130 130 126 515.68 95 0 96 0 97 0 99 0 
363 0.887222679915816 -0.7994159249934212 0.5388939721659043 228 238 246 376.34 95 0 97 0 98 0 
364 0.930005141356608 -0.8557466294002138 0.538524988694465 150 165 179 385.06 95 0 97 0 98 0 99 0 
365 0.19786499106526678 0.15372551070525783 0.3263853320604493 164 172 183 298.4 95 0 97 0 98 0 99 0 
366 0.9211593151453201 -0.8985403606084555 0.5346468357604082 106 115 119 393.56 95 0 97 0 98 0 99 0 
367 -0.1884574814550617 0.6385519525561921 0.2323725233571512 158 155 149 454.07 95 0 96 0 97 0 
368 0.26584515275421605 0.11267803743632152 0.323441338352523 125 138 155 281.94 95 0 97 0 98 0 99 0 
369 0.11413569774301013 0.25077500960713495 0.29674733245563334 147 145 142 312.37 95 0 97 0 98 0 
370 -0.20284887874175217 0.6623836966173663 0.21966498353675612 118 117 114 512.1 95 0 97 0 99 0 
371 0.3042109480974311 0.060537952398595246 0.32458272328972826 151 171 189 266.86 95 0 97 0 98 0 99 0 
372 -0.22666536977452134 0.7240467695340623 0.20386586898610015 128 120 118 490.57 95 0 96 0 97 0 
373 0.09292088922585151 0.21933886587284576 0.29973030396135103 141 130 127 303.51 95 0 97 0 98 0 
374 2.582122656558606 3.0941931979448847 -0.5558972334420864 228 229 232 1694.36 95 0 96 0 97 0 
375 0.872997817393584 -0.7686859927289716 0.471200401229942 165 200 221 358.94 95 0 96 0 97 0 98 0 99 0 
376 -0.18337811156179162 0.6912498135548227 0.20001049610747157 155 151 145 467.02 95 0 96 0 97 0 
377 0.14925611289388963 0.18898311794938358 0.2879140107603573 162 159 154 287.28 95 0 97 0 98 0 
378 0.18438753161396226 0.14658855205618257 0.2991546566875467 169 188 196 276.7 95 0 97 0 98 0 
379 2.4769105460778054 3.109709165224188 -0.5730794956993127 224 213 190 1577.74 95 0 96 0 97 0 
380 0.8852534691186058 -0.8196966215923716 0.4728035992805726 202 231 245 370.21 95 0 97 0 99 0 
381 0.2151383672259679 0.11387298639834373 0.29770591374983746 110 142 153 266.42 95 0 97 0 98 0 
382 -0.1363482881498128 0.5769819379933142 0.21384446488671904 97 96 99 447.41 95 0 96 0 97 0 99 0 
383 0.9267062189336437 -0.8758647222124666 0.47390521854052414 178 198 218 386.56 95 0 97 0 98 0 99 0 
384 2.5825396535166814 3.0444509834770006 -0.5845478482634433 142 198 212 1603.67 95 0 96 0 97 0 
385 2.624198388956307 3.0123294222616157 -0.5893696692465977 177 191 192 1607.52 95 0 96 0 97 0 
386 0.2920903210646393 0.05206987961965867 0.2942677800701021 178 194 206 255.7 95 0 97 0 98 0 99 0 
387 0.347543617911779 0.012522511258815289 0.2900983482602637 73 104 114 244.86 95 0 97 0 98 0 99 0 
388 0.914460748910586 -0.958012802463568 0.4740949708914832 155 162 168 413.96 95 0 97 0 98 0 
389 0.24378458296456484 0.09915215435196276 0.26100733245208807 202 213 221 259.53 95 0 97 0 98 0 99 0 
390 -1.391631669736959 -0.1900132125469404 0.48537771676081487 80 99 99 322.88 95 0 96 0 97 0 
391 0.7408727934281321 -0.7381030601471162 0.4038079281007432 167 187 205 332.57 95 0 96 0 97 0 98 0 99 0 
392 0.2742723339786206 0.04356497524794242 0.26037109874617403 192 208 219 243.46 95 0 97 0 98 0 99 0 
393 0.27975710094734296 -0.05139754530800858 0.2778074216912163 110 112 110 225.22 95 0 96 0 97 0 98 0 99 0 
394 0.3113119119524903 -0.006869485292103988 0.26034392222512914 134 152 166 231.29 95 0 97 0 98 0 99 0 
395 -0.0780208372280966 0.5195572293716083 0.17215716151194793 119 116 112 400.13 95 0 96 0 97 0 99 0 
396 0.9113982353402688 -0.9028551899860467 0.40380852468178197 124 140 169 388.93 95 0 97 0 98 0 99 0 
397 -0.23445780313160114 0.6800113556323081 0.14655603606199574 95 95 99 490.5 95 0 96 0 97 0 99 0 
398 0.29639889794360386 -0.02927910251386892 0.2537430016147888 103 99 114 226.58 95 0 97 0 99 0 
399 -1.3691975471688296 -0.1571143701194783 0.46473783887686393 38 43 44 299.9 95 0 96 0 97 0 
400 3.0021692241926123 -2.848290479465361 0.5985524593701317 43 50 55 1128.23 95 0 96 0 97 0 
401 0.26266791144769597 -0.05639432516237966 0.24865612151990768 73 68 70 216.08 95 0 97 0 98 0 99 0 
402 0.14815301168665007 0.9882150088247864 0.014631485347725182 41 43 47 495.53 95 0 96 0 97 0 
403 -0.15369104787022758 0.5703014164200958 0.14714815190244046 139 135 133 389.2 95 0 96 0 97 0 
404 0.16482693459033593 0.07680480073266813 0.2230501566152996 50 45 44 243.56 95 0 97 0 98 0 99 0 
405 0.929619335661992 -1.0380462173105724 0.39211289830953255 160 167 174 435.39 95 0 97 0 98 0 
406 0.9830544450995944 -1.1059989813094704 0.38749448486209004 134 140 152 451.27 95 0 97 0 98 0 99 0 
407 -0.1995321558944494 0.622962024964337 0.12111848274654347 123 116 109 449.42 95 0 96 0 97 0 99 0 
408 0.2650623592663912 -0.075322177673706 0.2243810226115035 116 108 97 205.25 95 0 97 0 98 0 99 0 
409 -0.2628277057422559 0.6977263872524481 0.10867535489742841 90 93 96 506.31 95 0 97 0 99 0 
410 -1.3715772446074879 -0.16603172439835592 0.4544748957889162 47 51 51 290.39 95 0 96 0 97 0 
411 -0.11839634426583112 0.48823100996158464 0.13740414902915932 105 102 98 393.46 95 0 97 0 99 0 
412 0.3507822912608456 -0.21543220434140511 0.2417385835084429 167 161 160 209.33 95 0 96 0 98 0 
413 0.16163324664469103 0.06587555921301322 0.19547376987948262 137 126 116 231.92 95 0 97 0 98 0 99 0 
414 0.8076763379424992 -0.799851900885405 0.3021265899657035 167 195 206 362.53 95 0 96 0 98 0 
415 -1.392117632155443 -0.17857095220223643 0.45387139602833493 19 20 20 293.97 95 0 96 0 97 0 
416 0.9240931987460079 -1.0712397737733275 0.33255863991558066 188 186 187 443.9 95 0 97 0 98 0 
417 0.9535938090158993 -1.128490210603 0.334507565338759 158 162 165 454.31 95 0 97 0 98 0 99 0 
418 0.08542500433109224 0.16570869392485585 0.15299708456252725 144 134 122 231.51 95 0 96 0 98 0 
419 8.43286481377047 6.622429324244229 -2.580208860599535 139 195 212 350570699.92 95 0 96 0 97 0 
420 -0.22351963916127282 0.6568847518292263 0.07909448264656938 135 134 132 416.86 95 0 96 0 97 0 
421 -1.1498029189614565 0.04978120258486016 0.35639789812363065 29 36 37 279.55 95 0 96 0 97 0 
422 0.8278075342875588 -0.9550703271702512 0.2955881061983743 130 143 145 390.71 95 0 97 0 98 0 99 0 
423 0.8567026375472873 -0.9141900638480783 0.27025994607242443 160 179 199 382.3 95 0 97 0 98 0 99 0 
424 0.12690637922932746 0.0572593266832003 0.1535328477333251 88 83 80 217.03 95 0 97 0 99 0 
425 0.06298515172188335 0.186830762118512 0.1253601910945379 175 172 163 229.46 95 0 96 0 98 0 
426 8.298941848429681 6.520774398770004 -2.6442325925721004 104 118 139 86661949.81 95 0 96 0 97 0 
427 -0.13330390740872433 0.47729694591091143 0.08283417991386077 120 117 114 361.4 95 0 96 0 97 0 99 0 
428 -0.06584570002768508 0.35640997413879194 0.09573289649304728 110 107 107 305.62 95 0 96 0 97 0 99 0 
429 0.11264240851792762 0.09041950003290541 0.12477803328055082 154 150 145 201.83 95 0 96 0 98 0 
430 -1.1580852656949978 0.03100736496102527 0.3471265255277656 40 47 48 263.39 95 0 96 0 97 0 
431 -0.22436071713612327 0.5889028510049014 0.059447109413675925 148 145 140 377.95 95 0 96 0 97 0 
432 0.8172682850948205 -0.9820188387842964 0.23421676254526513 92 96 99 396.83 95 0 97 0 98 0 99 0 
433 -0.1113748742110392 0.41435442440702064 0.06122493537050988 149 149 144 287.8 95 0 96 0 97 0 
434 -0.05058425643800746 0.2941192610117801 0.06174945896902151 157 151 142 235.62 95 0 96 0 97 0 
435 0.48523406961790205 -0.4953552325702951 0.14347964630285404 208 200 191 247.28 95 0 96 0 98 0 
436 -0.046239797026653484 0.3121669408162481 0.045604191137369465 132 130 123 270.38 95 0 96 0 97 0 99 0 
437 -0.307315955109678 0.6485670798096851 0.008781946361849258 132 123 119 403.38 95 0 96 0 97 0 
438 6.483675220383686 5.168280145788965 -2.3886348028096123 101 99 109 11076087.75 95 0 96 0 97 0 
439 -0.5905987322992208 0.4612737706408855 0.09400135851927294 85 110 106 372.53 95 0 96 0 97 0 
440 -0.02559888666983179 0.21514189896861743 0.036417258911297656 144 134 124 212.21 95 0 96 0 98 0 
441 0.08508282156137481 0.07883540666121944 0.03549626662501115 147 136 124 171.19 95 0 96 0 98 0 
442 0.1245485218929141 -0.06412061884558043 0.057728508028205505 174 166 159 153.05 95 0 96 0 98 0 
443 -1.3868739491397108 -0.10109961782839774 0.380072617988511 48 66 73 351.47 95 0 96 0 97 0 98 0 
444 0.08367196337796567 0.05436025831216926 0.021254810957022086 165 155 148 161.16 95 0 96 0 98 0 
445 -0.5104836895653739 0.3693521970962982 0.0702913045718041 51 74 66 302.37 95 0 96 0 97 0 
446 1.1475654488658256 -1.6123586857975865 0.14047237337225704 205 191 188 615.96 95 0 97 0 99 0 
447 0.1985206522060059 -0.16795743846673264 0.007846707905685202 153 149 155 143.05 95 0 96 0 98 0 
448 0.35686687025201236 -0.47557967451956873 0.041831837697264396 199 209 215 221.11 95 0 96 0 98 0 
449 -1.3837920287855905 -0.09580990768718314 0.36059536062879505 97 102 101 231.98 95 0 96 0 97 0 
450 -0.11050110644402711 0.270901633882655 -0.021564401524935217 136 132 125 238.76 95 0 96 0 97 0 99 0 
451 0.0012151351386866516 0.14721120301368903 -0.02118130202750801 111 109 115 171.54 95 0 96 0 98 0 
452 0.4771817582214939 -0.6159823313087464 0.02977427671785593 139 136 138 274.33 95 0 96 0 98 0 
453 -1.3739581315374076 -0.14445100749823073 0.3663031435758972 37 47 52 320.41 95 0 96 0 97 0 98 0 
454 -1.3846038681080803 -0.1671220769599248 0.3730259055309537 40 41 42 231.27 95 0 96 0 97 0 
455 0.5378516815702199 -0.7099203701613513 0.02733246819406454 165 161 162 306.38 95 0 96 0 97 0 98 0 
456 -1.3763402652594041 -0.1512572483314744 0.364619294603145 92 98 101 224.7 95 0 96 0 97 0 
457 -0.05811775947897102 0.22097743521640875 -0.045776724549187575 150 150 148 189.93 95 0 96 0 98 0 
458 0.5659500669396951 -0.7641471065463553 0.01695195745260647 185 174 170 326.05 95 0 96 0 97 0 98 0 
459 0.6300218699535896 -0.854663221317555 0.01437644466821597 147 139 147 338.03 95 0 97 0 98 0 99 0 
460 -1.3816855656000073 -0.15712127707447446 0.36061093307922043 59 63 66 315.93 95 0 96 0 97 0 98 0 
461 1.1004525927837172 -1.624676450598348 0.06090661636308492 167 152 152 619.0 95 0 97 0 99 0 
462 -0.3453071867501367 0.2799602438096086 0.0023935429972086197 152 146 136 220.97 95 0 96 0 97 0 
463 -0.4068430070700275 0.3217587657606805 -0.0042077287330439805 106 113 107 323.37 95 0 97 0 99 0 
464 -1.389982414303351 -0.16985965720734333 0.3569636714075579 44 48 48 223.4 95 0 96 0 97 0 
465 0.0930030281861014 -0.010732579524035307 -0.07121312478898933 97 81 80 124.28 95 0 96 0 98 0 
466 0.09408373865830555 -0.026490748498713718 -0.069961478310409 59 55 55 126.59 95 0 96 0 97 0 98 0 99 0 
467 0.22556767829949864 -0.2860827437901774 -0.06239096385170151 182 178 173 148.93 95 0 96 0 98 0 
468 0.16277629570480734 -0.22833367064784485 -0.06560163781699146 117 127 134 129.92 95 0 96 0 98 0 
469 0.6493461655652439 -0.9281458701141329 -0.06920747955876427 36 27 27 373.17 95 0 96 0 97 0 98 0 99 0 
470 0.5339092940931205 -0.7753787070334259 -0.06933820561770254 178 177 177 311.24 95 0 96 0 97 0 98 0 99 0 
471 0.6236908677693747 -0.9096814146270163 -0.10743570920429835 63 47 53 359.25 95 0 97 0 98 0 99 0 
472 0.6782134893373042 -0.9727060051418095 -0.1117729705167374 84 64 71 385.69 95 0 97 0 98 0 99 0 
473 -1.3930627075008384 -0.1711366103388358 0.33060259145322135 56 58 58 212.64 95 0 96 0 97 0 
474 -1.4124725180812683 -0.18239617716324488 0.33105264550744273 29 29 29 220.22 95 0 96 0 97 0 
475 0.617143068914243 -0.9244529254908184 -0.14745750284379255 118 97 108 365.45 95 0 97 0 98 0 99 0 
476 0.6555834124571029 -0.9780010243369279 -0.1457925088000338 133 123 132 387.05 95 0 97 0 98 0 99 0 
477 -1.4081257204955833 -0.1768872746847904 0.3256070108250009 48 57 61 216.42 95 0 96 0 97 0 
478 -1.422904561463588 -0.18804625346623785 0.3327482321864015 26 28 29 364.28 95 0 96 0 98 0 
479 0.5448615710278482 -0.8530030704277441 -0.13921799772261045 133 109 113 333.81 95 0 97 0 98 0 99 0 
480 0.6790621328591551 -1.032978442275474 -0.14478335922488172 117 96 104 407.78 95 0 97 0 98 0 99 0 
481 0.6843583629945253 -1.0796824089472985 -0.13808244390747682 60 63 67 423.99 95 0 97 0 98 0 99 0 
482 0.6685962168766386 -1.1144923256762782 -0.15187201217961976 188 179 174 450.23 95 0 97 0 98 0 
483 0.4538509320578594 -0.7303190546084707 -0.1748142540121258 170 164 162 305.39 95 0 97 0 98 0 
484 0.5787120358525764 -0.877436079724457 -0.18668982009322432 125 102 104 347.62 95 0 97 0 98 0 99 0 
485 0.601399781557495 -0.9287522033973548 -0.18296019418160459 82 61 69 384.97 95 0 97 0 98 0 
486 0.645516778748356 -0.9886384945528152 -0.18516608319537498 94 66 75 391.82 95 0 97 0 98 0 99 0 
487 0.6695781176364588 -1.0408178633781064 -0.18246554753180377 70 55 62 411.56 95 0 97 0 98 0 99 0 
488 0.5123218981002542 -0.817445889883258 -0.1798629724930818 177 178 174 327.12 95 0 97 0 99 0 
489 0.7157942469623704 -1.1902352639777252 -0.19386996955701807 189 177 168 479.72 95 0 97 0 98 0 
490 0.28135493217093055 -0.49621121797847456 -0.21004730826488527 139 137 137 219.47 95 0 96 0 98 0 
491 0.5418410792132358 -0.8819737856935704 -0.2291365400146792 119 93 99 348.68 95 0 97 0 98 0 99 0 
492 0.5819855437394299 -0.9419704248435647 -0.22923924535076057 95 77 89 373.17 95 0 97 0 98 0 99 0 
493 0.6160435856513276 -0.9957774594983191 -0.2300940744660751 119 104 117 394.67 95 0 97 0 98 0 99 0 
494 0.6426480626697351 -1.0500180676435003 -0.2282677696856199 115 95 107 415.45 95 0 97 0 98 0 99 0 
495 0.09936429356381771 -0.16538037801788033 -0.23756818018955883 72 54 57 91.87 95 0 96 0 98 0 
496 0.6349440160027151 -1.059254934289763 -0.26610456807857563 79 62 67 425.08 95 0 97 0 99 0 
497 0.4242556799530488 -0.7385144049729578 -0.26104895445241183 186 180 174 311.17 95 0 97 0 98 0 
498 0.542755652913699 -0.8999037545684743 -0.27133092029841455 87 60 66 357.95 95 0 97 0 98 0 99 0 
499 0.5796817492610455 -0.9540194345419368 -0.2718871233039648 72 57 63 379.93 95 0 97 0 98 0 99 0 
500 0.07841206574171755 -0.13981875522172652 -0.2724868060621438 83 57 60 87.06 95 0 96 0 98 0 
501 -1.3432603764396345 -0.15226185375137816 0.25558087521926653 55 63 64 181.51 95 0 96 0 97 0 
502 0.07992841839623477 -0.1700510807125393 -0.26815373101191753 65 46 49 90.23 95 0 96 0 98 0 
503 0.19288003401980225 -0.4218786228047976 -0.2698658337015606 167 153 148 188.14 95 0 96 0 98 0 
504 0.47885827481913457 -0.878073865236088 -0.28046221890739265 134 108 109 346.55 95 0 97 0 98 0 99 0 
505 0.6228450966417185 -1.0611442044950188 -0.29803226625751733 229 227 233 422.45 95 0 97 0 98 0 99 0 
506 -0.4734866807503928 1.10035747047389 -0.36266223042956747 22 44 45 618.41 95 0 97 0 98 0 
507 0.25512122204098686 -0.6023912762857422 -0.2785421735164071 186 204 220 262.24 95 0 96 0 98 0 
508 0.6214570139229019 -1.0788577101082777 -0.3294331025359625 119 93 106 430.75 95 0 97 0 98 0 99 0 
509 0.5661279177000837 -0.968985486301641 -0.3318936045233455 139 113 131 405.73 95 0 97 0 98 0 
510 0.5608362498044936 -0.9930966980730054 -0.325653977172342 87 60 65 396.39 95 0 97 0 98 0 99 0 
511 0.4837526136003274 -0.8966860389236708 -0.3184274484844719 151 130 135 375.77 95 0 97 0 98 0 
512 0.635095540591402 -1.1741964035977308 -0.3332724798984599 168 160 154 465.81 95 0 97 0 98 0 99 0 
513 -0.7434109987914073 0.7377179183728731 -0.19457736160282368 46 58 58 553.14 95 0 96 0 97 0 98 0 
514 0.6023265917968801 -1.1253889219368955 -0.3347768204363546 119 128 129 447.11 95 0 97 0 98 0 99 0 
515 -1.3652842233250744 -0.16602295962261207 0.24604379510634344 32 33 35 195.06 95 0 96 0 97 0 
516 0.9460414341488246 -1.6986375869955397 -0.36520755581642506 134 132 139 653.98 95 0 97 0 98 0 99 0 
517 -1.4190418700969643 -0.18452787966235165 0.26739810190309665 48 53 57 220.93 95 0 96 0 97 0 
518 0.5549480064565526 -1.0181395536191362 -0.39246636521323897 89 92 107 410.56 95 0 97 0 98 0 99 0 
519 -1.3798503697694606 -0.17806659948359563 0.23970770173074385 75 83 90 206.69 95 0 96 0 97 0 
520 0.03171848883639505 -0.24730987173965738 -0.33496637352701086 85 75 83 119.69 95 0 96 0 98 0 
521 0.1723179637430059 -0.6271357844369635 -0.3175513889303334 133 131 143 272.88 95 0 96 0 98 0 
522 0.4514145528093021 -0.9066638980003715 -0.3756994651466339 114 89 92 363.7 95 0 97 0 98 0 99 0 
523 0.527293268957985 -0.9812221897072978 -0.3967777942540477 67 56 60 396.3 95 0 97 0 98 0 99 0 
524 0.08458339493304878 -0.6773470271859313 -0.33035350499245697 89 79 81 268.63 95 0 96 0 97 0 98 0 99 0 
525 0.8983035523025469 -1.7648485164773409 -0.49954871932953726 101 59 60 682.49 95 0 97 0 98 0 99 0 
526 0.8112236845781959 -1.6252410589316877 -0.4932449281471052 143 126 124 635.64 95 0 97 0 98 0 99 0 
527 0.0006805275050125736 -1.003058456219203 -0.254874339337678 153 152 168 391.59 95 0 97 0 98 0 99 0 
528 -1.4517930072695684 -0.22127767247977728 0.25099937140872686 24 29 29 259.19 95 0 96 0 97 0 
529 -0.04199876898619603 -0.9405163656222837 -0.24972197965831278 188 194 208 374.05 95 0 97 0 99 0 
530 -0.859930633372691 0.41948074727924756 -0.1670866752614133 15 26 23 414.52 95 0 96 0 97 0 98 0 
531 0.7572592838631804 -1.5791665008356712 -0.528840922786208 112 115 106 622.97 95 0 97 0 99 0 
532 -0.09110033518226102 -0.8881457661729149 -0.2693303313197396 137 96 119 346.49 95 0 97 0 98 0 99 0 
533 0.02236719494163575 -0.6760567301821997 -0.3685071028413275 46 66 73 317.14 95 0 96 0 97 0 
534 -0.13008571452824347 -0.8142510611373723 -0.27317479316214033 101 103 117 326.88 95 0 97 0 99 0 
535 -0.027386999086522756 -0.9936188586199353 -0.32527113260408635 177 184 203 399.07 95 0 97 0 98 0 99 0 
536 -0.2663324296491707 -0.7497056017517352 -0.2619401697647692 135 95 117 295.63 95 0 97 0 98 0 99 0 
537 0.31016431399546596 -1.5706882352579512 -0.3943797225645247 68 108 69 645.47 95 0 96 0 97 0 
538 -0.11500423884060007 -0.8975871607060154 -0.317062625283664 135 64 87 360.68 95 0 97 0 98 0 99 0 
539 -0.8454320115504084 0.3372466743351038 -0.19993601770765212 35 50 45 297.21 95 0 96 0 97 0 
540 -0.2785683847340139 -0.7267777741928974 -0.2886935297220652 55 58 63 292.7 95 0 97 0 98 0 99 0 
541 0.24378221555875612 -1.4167771364991408 -0.4487054109892662 65 83 57 589.44 95 0 97 0 98 0 
542 -0.02893374161436313 -1.054201359040835 -0.37709154492520913 164 168 174 434.17 95 0 97 0 98 0 99 0 
543 -0.08004419414490371 -1.0337196079912194 -0.3909832738864083 126 143 139 439.74 95 0 97 0 99 0 
544 -0.18347255436950638 -0.043642820868801474 -0.527796490172617 66 94 66 120.93 95 0 96 0 97 0 98 0 
545 -0.2403609969949705 -0.8518209295786048 -0.3559259306703457 177 184 188 384.35 95 0 97 0 98 0 
546 0.003231690615148608 -1.3647542114861542 -0.3995709784686733 98 101 91 593.35 95 0 96 0 97 0 98 0 
547 -0.5007639188351858 -0.581955722573377 -0.28905846175605954 32 44 41 290.1 95 0 96 0 97 0 98 0 
548 -0.4253558873121297 -0.5647287290790132 -0.34466847366852593 61 82 58 290.13 95 0 96 0 98 0 
549 -0.19175785423138425 -1.0569746479926772 -0.39609166379233973 110 107 108 478.93 95 0 97 0 98 0 
550 -0.42202118914398445 -0.5476462182033787 -0.36763259913045165 71 73 83 287.92 95 0 96 0 98 0 
551 -0.7341694117089315 0.09435019457154312 -0.3217223850598797 16 25 19 293.44 95 0 97 0 99 0 
552 -0.7961046568138817 0.20247187339516345 -0.3311493675257767 13 23 16 236.11 95 0 96 0 97 0 
553 -0.8037125145631472 0.17380530359845822 -0.33163796385704736 23 35 24 230.88 95 0 96 0 97 0 
554 -0.5375312663535898 -0.4998025552824017 -0.3700981117913842 72 68 68 291.82 95 0 96 0 98 0 
555 -0.5853616583386048 -0.6407711801974562 -0.3203373401991474 37 41 44 324.32 95 0 97 0 98 0 99 0 
556 -0.7991467687375224 0.23267567558832622 -0.35882013703291427 53 61 51 365.14 95 0 96 0 97 0 98 0 99 0 
557 -0.8179172484962085 0.10829735496124235 -0.32057128663748635 31 44 27 217.82 95 0 96 0 97 0 
558 -0.8262060204738919 0.34269449997341306 -0.3684259077577573 17 22 14 366.33 95 0 96 0 97 0 98 0 
559 -0.8104106400938034 0.45252473222800693 -0.4035215167907025 17 27 18 359.21 95 0 96 0 97 0 
560 -0.823263936238904 0.20206136668679728 -0.3456206855104379 28 33 24 250.38 95 0 96 0 97 0 
561 -0.7298336478723684 -0.1710849520565986 -0.33966790912948397 73 83 68 264.27 95 0 96 0 97 0 98 0 99 0 
562 -0.8486572989855978 0.2797374984877524 -0.3511902215235523 34 41 30 346.85 95 0 96 0 97 0 98 0 
563 -0.707238395709902 -0.7222064490333594 -0.2579132620704765 102 91 108 392.16 95 0 97 0 98 0 
564 -0.734832939896993 -0.3786842288889599 -0.30492063628308863 35 32 38 278.69 95 0 96 0 98 0 
565 -0.8400200759600538 0.34649744478664235 -0.37690477973551406 20 26 18 374.95 95 0 96 0 97 0 98 0 
566 -0.8375069586715642 0.32628901606711114 -0.3758261095369215 34 38 29 308.66 95 0 96 0 97 0 
567 -0.8202274376351943 -0.02155136408032235 -0.3251866074024353 96 104 73 210.97 95 0 96 0 97 0 
568 -0.6951308836571437 -0.35287808877868476 -0.34377915366550427 75 78 90 271.04 95 0 96 0 98 0 
569 -0.8522537533234362 0.7023782672297284 -0.45761688243392806 17 35 24 571.2 95 0 97 0 98 0 
570 -0.7556671336350029 -0.47660895134090264 -0.2979115921390951 77 77 94 319.31 95 0 96 0 98 0 
571 -0.7993428705193169 -0.07963497752272977 -0.34492345086122334 88 88 84 216.23 95 0 96 0 97 0 
572 -0.7886693871842483 -0.17989959848555395 -0.3378007655262626 112 99 112 229.29 95 0 96 0 97 0 
573 -0.78462163567113 -0.3416406180202186 -0.3115531672310893 105 88 99 285.2 95 0 96 0 98 0 
574 -0.8219347716088836 -0.018982883610086404 -0.3463826027608502 55 56 57 220.04 95 0 96 0 97 0 
575 -0.8273012187999655 -0.15577052075610656 -0.3238326700260067 97 85 98 231.11 95 0 96 0 97 0 
576 -0.8362223230637329 -0.04030773439532634 -0.3428327141152381 75 66 76 295.36 95 0 96 0 97 0 99 0 
577 -0.8672405271187937 0.0969268838931566 -0.35733046782207156 74 65 68 248.07 95 0 96 0 97 0 
578 -0.8775783280435796 0.2349478303226847 -0.3817381754387247 43 42 43 406.91 95 0 96 0 97 0 98 0 99 0 
579 -0.8762086856315441 -0.017608578023983995 -0.33464356211181556 57 47 52 311.94 95 0 96 0 97 0 99 0 
580 -0.870398844803276 0.2093482244197725 -0.38466476219701906 52 56 52 357.93 95 0 97 0 98 0 
581 -0.904741545594677 0.27109955899519067 -0.3733914616684604 40 40 40 372.9 95 0 96 0 97 0 98 0 
582 -0.8787687810870799 -0.09306185320930141 -0.3234278495798355 68 65 76 238.85 95 0 96 0 97 0 
583 -0.9049391172389698 0.37432798716581195 -0.40220629805758956 38 42 42 420.36 95 0 96 0 97 0 98 0 
584 -0.9371452412428463 0.1372862110487086 -0.33950817537094957 119 102 99 511.55 97 0 98 0 99 0 
585 -1.3010856450312867 -0.05715308110181719 0.6160911053624769 23 25 24 576.85 96 0 97 0 98 0 
586 -1.4286555355283341 -0.24859238569071765 0.5979166895988806 32 40 45 497.59 96 0 97 0 98 0 
587 -1.4114298712553608 -0.21914859922377353 0.5382688099858404 43 51 53 431.71 96 0 97 0 98 0 
588 -1.3455403137370787 -0.11110886988271199 0.514977532298226 36 40 44 456.85 96 0 97 0 98 0 
589 -1.417556836402333 -0.24236230665412575 0.533928850601834 42 47 52 417.62 96 0 97 0 98 0 
590 0.21599031864816665 0.1700848052960909 0.3921101541475376 114 114 124 325.36 96 0 97 0 98 0 99 0 
591 0.036978963098393436 0.3691897850940392 0.31252291322783954 136 136 136 388.63 96 0 97 0 99 0 
592 -0.1784105286411264 0.70905512720801 0.24102158903814153 133 135 135 552.3 96 0 97 0 99 0 
593 -0.15843562472889783 0.6512429182403067 0.24197078867333532 134 134 132 521.72 96 0 97 0 99 0 
594 -0.1921086526412341 0.6806111865863708 0.22958955893076793 139 137 130 538.88 96 0 97 0 99 0 
595 0.8639338823322098 -0.837033262996076 0.3724647069449427 126 166 186 374.23 96 0 97 0 98 0 
596 -0.13293738269568722 0.5318294191272589 0.17903338651803358 118 114 112 442.82 96 0 97 0 99 0 
597 0.6499331767428151 -0.6791105904892036 0.28582324626093913 185 185 185 305.66 96 0 97 0 98 0 
598 2.6544088218124973 3.4591527627488263 -0.6699354062950489 178 193 192 1824.26 96 0 97 0 98 0 
599 -0.13611729906095738 0.5238514685727765 0.15449989199236835 113 109 112 432.24 96 0 97 0 99 0 
600 0.8268064525188659 -0.8634577865429066 0.2694592640838196 212 224 237 362.47 96 0 97 0 98 0 99 0 
601 2.6146180945373265 3.2402679258160125 -0.7000950240848571 143 150 158 1479.51 96 0 97 0 98 0 
602 -1.4114856429076528 -0.20449997032316616 0.4202438524456127 23 25 24 327.7 96 0 97 0 98 0 
603 -1.4118073762040382 -0.24468268178061484 0.42417046773014566 28 27 26 307.52 96 0 97 0 98 0 
604 0.6774544580211577 -0.7785190913828517 0.2059559465436438 186 183 178 317.39 96 0 97 0 98 0 99 0 
605 -0.130694819650381 0.5036663951985704 0.08129100842733816 119 119 115 400.04 96 0 97 0 99 0 
606 -1.3787202030598498 -0.08632693869467314 0.3804374420827934 91 105 109 381.95 96 0 97 0 98 0 
607 -0.2421993716705706 0.6101419327124181 0.05548114870274068 99 104 106 465.04 96 0 97 0 99 0 
608 2.8440936967736747 3.365372245869378 -1.0361861895708 197 216 222 1550.97 96 0 97 0 98 0 
609 -0.2641773583026663 0.6135988287332054 0.019688863775276344 111 109 106 461.86 96 0 97 0 99 0 
610 2.693697551716201 3.2576328192902766 -1.0566432179677123 137 168 175 1302.69 96 0 97 0 98 0 
611 -0.08354621611354007 0.3172703288567199 0.021366637224032425 168 165 159 292.2 96 0 97 0 99 0 
612 -1.377502559499995 -0.14072904301892533 0.35877166780448055 45 61 64 321.6 96 0 97 0 98 0 
613 -0.10229511225608157 0.3310424109617268 -0.019832128905793667 139 134 124 289.44 96 0 97 0 99 0 
614 -1.4288024755448854 -0.2404845798002008 0.3670959806701204 52 68 71 279.31 96 0 97 0 98 0 
615 -1.4303491402896737 -0.23124067182966482 0.36369944902648754 36 48 51 283.69 96 0 97 0 98 0 
616 -0.07328511641347024 0.22546509574127302 -0.07142752959867371 98 90 86 225.09 96 0 97 0 99 0 
617 -1.4271841654827946 -0.21954475443181556 0.345428944712894 42 46 44 284.16 96 0 97 0 98 0 
618 -1.4318804423058595 -0.2003019294706231 0.3302620125145852 45 51 52 294.07 96 0 97 0 98 0 
619 -1.432427059226352 -0.20110867967879767 0.3064502294392917 24 25 26 293.63 96 0 97 0 98 0 
620 -1.451654847004757 -0.25539455551848234 0.3209116370495795 76 81 85 275.51 96 0 97 0 98 0 
621 -1.4542990476643616 -0.260823513162422 0.3107655032013923 63 68 72 278.07 96 0 97 0 98 0 
622 -1.448485412449767 -0.21609903345058093 0.27232123585331647 21 24 23 303.53 96 0 97 0 98 0 
623 0.3362718119181598 -1.6070476047620856 -0.35278421751832134 35 50 40 649.57 96 0 97 0 98 0 
624 0.47391558832179004 -1.7967785891969315 -0.4360956087996495 121 123 101 712.03 96 0 97 0 99 0 
625 0.20016710464902987 -1.482520540559104 -0.450192033249301 58 61 63 620.17 96 0 97 0 98 0 
626 -0.7569964205118134 0.4608538805972563 -0.3050081551503482 14 21 21 452.5 96 0 97 0 98 0 
627 -1.4664356341688798 -0.27141395727246265 0.2111352785439582 80 70 67 345.07 96 0 97 0 98 0 
628 -0.7659916589983853 0.5889725035777317 -0.34296885716666803 30 48 64 519.76 96 0 97 0 98 0 
629 -1.468867694579366 -0.24445744585342669 0.19998404075865817 60 65 75 355.66 96 0 97 0 98 0 
630 -0.15730050962360353 -1.3192054325105473 -0.3509944089282693 111 95 116 572.52 96 0 97 0 99 0 
631 -1.4717909759484642 -0.2666941442913425 0.20289089076749067 54 55 57 355.59 96 0 97 0 98 0 
632 -0.2072104168833766 -1.227938041198484 -0.35526547138069897 148 121 139 551.39 96 0 97 0 98 0 
633 -0.35357926270509976 -1.2155270909939355 -0.29795254126774917 106 90 109 544.74 96 0 97 0 98 0 99 0 
634 -0.7303166596236728 0.4965437218227907 -0.3953033604725713 8 13 10 455.7 96 0 97 0 98 0 
635 -0.354824903532855 -1.109978315988683 -0.32196532369814923 147 133 154 515.07 96 0 97 0 98 0 
636 -1.4766461449271486 -0.26807837231115184 0.19106022576559534 78 87 98 369.1 96 0 97 0 98 0 
637 -0.3993001020579423 -1.1095148707747369 -0.3054068204203435 119 115 134 521.64 96 0 97 0 98 0 
638 -0.7832164635345871 0.2332838038023662 -0.33411660325194237 14 22 16 410.32 96 0 97 0 98 0 99 0 
639 -0.7007443876338875 -0.20140379551111268 -0.30213135022097737 52 88 38 250.5 96 0 97 0 98 0 99 0 
640 -0.7005289141078479 -0.2257652991657967 -0.30690280666247616 49 66 35 214.71 96 0 97 0 98 0 
641 -0.799055197694607 0.2547230452177155 -0.3424020051434661 18 29 22 427.56 96 0 97 0 98 0 99 0 
642 -1.4782828685883493 -0.25062179433485643 0.16830874932597162 40 50 55 388.08 96 0 97 0 98 0 
643 -0.6704676166812358 -1.0103946588447612 -0.21200996402975103 159 160 178 522.06 96 0 97 0 98 0 
644 -0.7659156443357347 -0.08290875707577952 -0.3160513111458051 24 37 23 282.79 96 0 97 0 99 0 
645 -0.832987873867221 0.1250496365473249 -0.32697981628824013 31 47 28 370.92 96 0 97 0 99 0 
646 -0.7032483841876433 -0.560703214676654 -0.2954864160149342 105 95 110 310.01 96 0 97 0 98 0 99 0 
647 -0.7567132690466454 -0.891704298894673 -0.20146676299833577 120 106 126 475.74 96 0 97 0 98 0 
648 -0.7595656246809184 -0.8727123954365567 -0.20614998966392895 96 78 104 466.29 96 0 97 0 98 0 
649 -0.8205970016290385 0.047240391872414994 -0.3298933054797345 30 51 29 339.79 96 0 97 0 99 0 
650 -0.7849405562337863 -0.10079881109564318 -0.34715634125569084 61 58 57 299.29 96 0 97 0 99 0 
651 -0.7592011945987065 -0.2736737156593382 -0.3326413321777737 64 64 74 285.9 96 0 97 0 98 0 99 0 
652 -0.8645692171739934 -0.8750568371268528 -0.16573068801563084 127 127 146 498.17 96 0 97 0 98 0 
653 -0.8655640133902396 0.33022672014698295 -0.39091495774722473 19 27 20 440.51 96 0 97 0 98 0 
654 -0.8414448036665214 0.03318731952964579 -0.34810310414279844 62 65 61 350.47 96 0 97 0 99 0 
655 -0.7919336146727356 -0.23537462755707886 -0.33005319390677623 88 85 94 297.88 96 0 97 0 98 0 99 0 
656 -0.8994162116428988 0.4783323657124806 -0.4013678018405237 33 55 45 528.65 96 0 97 0 98 0 
657 -0.8416252555839336 0.016070827855277553 -0.34439028509729475 66 61 59 345.34 96 0 97 0 99 0 
658 -0.8206734080119591 -0.13739615046894907 -0.33287644949183215 74 71 82 268.87 96 0 97 0 98 0 
659 -0.8432065117372374 -0.09641548065864605 -0.32848210821736024 75 61 68 320.53 96 0 97 0 99 0 
660 -0.8279955345749861 -0.17590757794529935 -0.32505132260648617 81 69 78 306.98 96 0 97 0 99 0 
661 -0.8288654057002605 -0.19141234984411973 -0.3226349082313247 99 76 85 312.87 96 0 97 0 98 0 99 0 
662 -0.8489278298008212 -0.20920756357923312 -0.3147604830381072 124 114 131 274.09 96 0 97 0 98 0 
663 -0.8742859374890601 -0.037337298173889893 -0.33427958818034265 75 71 79 346.76 96 0 97 0 99 0 
664 -0.9081017102232116 0.42074516682259533 -0.40957539435874113 69 66 53 505.84 96 0 97 0 98 0 
665 0.18333814465494624 0.3579286406890244 0.5379548110780343 132 129 122 455.48 97 0 98 0 99 0 
666 0.17750755980528865 0.32532938253770427 0.5408223160357559 97 94 92 444.89 97 0 98 0 99 0 
667 0.23177942047832323 0.2708013176696128 0.5431198553329726 126 121 119 417.85 97 0 98 0 99 0 
668 1.3153146812474037 -1.3759210804696942 0.7664731360793391 161 188 203 571.68 97 0 98 0 99 0 
669 0.9811041899605251 -0.9524634735788572 0.6145030213284324 147 161 171 414.05 97 0 98 0 99 0 
670 0.9878071401239858 -0.9603117542669263 0.5822791848098758 191 189 185 415.23 97 0 98 0 99 0 
671 0.7918757940440537 -0.7042694495216512 0.5352256801792317 193 199 203 327.78 97 0 98 0 99 0 
672 0.7933722371034222 -0.6847078855042118 0.5087803775894011 199 194 188 321.75 97 0 98 0 99 0 
673 0.8872545721428382 -0.7602408911160651 0.5067498801074823 138 172 192 350.41 97 0 98 0 99 0 
674 0.9300356165747226 -0.811999605582008 0.5068401157174551 143 171 185 367.95 97 0 98 0 99 0 
675 0.8010207892677839 -0.7219327386673143 0.4706289336423448 178 183 188 326.68 97 0 98 0 99 0 
676 0.9123273624913812 -0.9073861181528615 0.4945542310378468 105 120 127 387.27 97 0 98 0 99 0 
677 0.7409212145494204 -0.6703632432234908 0.44751788850954966 148 158 160 305.2 97 0 98 0 99 0 
678 0.8667255118986361 -0.7754369648749853 0.44282877878321325 144 172 190 346.04 97 0 98 0 99 0 
679 0.892493433525785 -0.8272240262693583 0.4439951348315907 148 181 199 362.03 97 0 98 0 99 0 
680 0.2693268334433707 0.08407925290205762 0.32654850586105355 154 177 195 279.53 97 0 98 0 99 0 
681 1.2021699183260808 -1.3903497047576125 0.5046007740367755 175 174 174 557.69 97 0 98 0 99 0 
682 0.8237597544701449 -0.7810540084374513 0.40314723477772074 196 224 242 338.3 97 0 98 0 99 0 
683 1.2362771526639094 -1.466070124496119 0.47587576185291414 177 176 175 583.3 97 0 98 0 99 0 
684 0.11754895121399977 0.22443277299674666 0.2802397470194322 116 120 121 328.81 97 0 98 0 99 0 
685 0.7375698993884348 -0.7195066084278318 0.3805362376555983 188 184 180 309.28 97 0 98 0 99 0 
686 1.0778781066662007 -1.249489667535817 0.4416293089842407 158 163 164 501.6 97 0 98 0 99 0 
687 1.008365380261472 -1.1728898864451998 0.3887020587725234 147 149 157 470.1 97 0 98 0 99 0 
688 0.863937346039791 -0.9437609424395584 0.35959179064974545 96 127 137 384.6 97 0 98 0 99 0 
689 1.1122565401320799 -1.3651324519728405 0.39120599911807763 181 179 180 539.51 97 0 98 0 99 0 
690 1.1741357328827071 -1.4764282693188766 0.3334454660893278 173 163 166 579.46 97 0 98 0 99 0 
691 1.1972414774842965 -1.5208952790709926 0.3372192831338967 144 154 162 595.3 97 0 98 0 99 0 
692 0.20578841649003587 0.017296492943482983 0.19481183169213367 147 137 131 219.0 97 0 98 0 99 0 
693 0.20015719574952984 -0.0012023974072531696 0.19715713985643357 137 127 120 213.92 97 0 98 0 99 0 
694 0.8607672876801415 -0.9426014522163261 0.2572707884922518 141 125 142 381.03 97 0 98 0 99 0 
695 2.5137439497645215 -2.3202162424577417 0.23023720195653175 99 132 115 943.09 97 0 98 0 99 0 
696 0.19817530533199612 -0.04082250848046978 0.16276770201772184 170 166 159 190.75 97 0 98 0 99 0 
697 0.8280565463001821 -1.0752088981552124 0.1566839048891444 153 139 136 417.2 97 0 98 0 99 0 
698 0.6174563974247786 -0.8287417394015267 0.09378494570124385 180 173 169 310.15 97 0 98 0 99 0 
699 0.7884760666332522 -1.0595963174480976 0.07926326410573936 156 146 146 408.12 97 0 98 0 99 0 
700 0.7960696247023205 -1.1009467888668023 0.08192685251783338 145 132 134 422.82 97 0 98 0 99 0 
701 0.6116118103417831 -0.8203189809352681 0.04928393828752764 183 174 168 306.4 97 0 98 0 99 0 
702 0.6307180593281732 -0.8739693193322927 0.047134707935559295 149 143 144 327.1 97 0 98 0 99 0 
703 0.7895147406250307 -1.0964337681196972 0.0309508851591922 184 173 166 421.38 97 0 98 0 99 0 
704 0.719131817194417 -1.0096313459928623 -0.005587700771731097 160 148 140 384.92 97 0 98 0 99 0 
705 0.8223662176907274 -1.1937219540479542 0.0007712796888397211 145 143 145 458.49 97 0 98 0 99 0 
706 0.7568140976872868 -1.0651525530269044 -0.07006665584274474 39 37 40 409.67 97 0 98 0 99 0 
707 0.5767422865789955 -0.8046188882821194 -0.0769602933641873 117 128 132 298.1 97 0 98 0 99 0 
708 0.9190278864538124 -1.4302565261307434 -0.0742463887541176 155 147 146 549.27 97 0 98 0 99 0 
709 0.7075266010867982 -1.02244735412331 -0.11107449849920026 68 53 57 391.17 97 0 98 0 99 0 
710 0.8525080456011949 -1.4674862959684905 -0.24064602914478783 134 122 123 564.86 97 0 98 0 99 0 
711 -0.03129296081247013 0.04169142709546644 -0.21370166513348865 125 120 120 136.92 97 0 98 0 99 0 
712 0.4707332105510562 -0.8424356959216389 -0.24727312695923487 164 160 159 309.27 97 0 98 0 99 0 
713 0.42396971879331224 -0.7750477322563534 -0.27403834801140403 185 174 165 280.73 97 0 98 0 99 0 
714 0.6818053077431168 -1.2352363547199212 -0.29978081286410185 172 162 155 476.2 97 0 98 0 99 0 
715 0.4420024222374115 -0.8378564321144519 -0.32480960803113 180 177 169 311.49 97 0 98 0 99 0 
716 0.45160561051004233 -0.867124332616983 -0.35286265295614505 182 172 161 326.28 97 0 98 0 99 0 
717 0.5819974785651421 -1.0885313672072847 -0.3886307182622568 72 56 60 422.39 97 0 98 0 99 0 
718 0.3797702541871022 -0.7698372480540253 -0.3669064365276796 150 140 137 284.14 97 0 98 0 99 0 
719 1.247656494062626 -2.0064408459334557 -0.5914209994263753 42 37 36 767.58 97 0 98 0 99 0 
720 1.2362181122122544 -2.0102942715179926 -0.6110320370531529 67 53 49 769.41 97 0 98 0 99 0 
721 1.1901505548647704 -2.0386027687413835 -0.5852439644830211 70 50 41 778.2 97 0 98 0 99 0 
722 -0.11994079392931178 -0.7953519076186693 -0.22615938936246893 50 52 63 266.09 97 0 98 0 99 0 
723 0.7295550133833235 -1.50455871003889 -0.4989099395199079 170 164 159 589.68 97 0 98 0 99 0 
724 -0.05574191922676652 -0.921253342141952 -0.24847363162800773 189 195 212 328.8 97 0 98 0 99 0 
725 -0.12818178073301523 -0.8419202658436771 -0.26782709424271334 150 18 28 297.5 97 0 98 0 99 0 
726 0.2852260337044106 -1.4318045682316198 -0.39843109832641566 82 126 75 566.17 97 0 98 0 99 0 
727 -0.10526796017800333 -0.9148329081182609 -0.3000707047225467 173 182 201 337.72 97 0 98 0 99 0 
728 -0.1398623997531736 -0.8510677319695513 -0.310108996056366 171 156 174 311.46 97 0 98 0 99 0 
729 0.42162281752471564 -1.2819320403412837 -0.5299472357728672 31 35 23 509.9 97 0 98 0 99 0 
730 -0.16313500699125116 -0.822516627468092 -0.31850732431427453 89 103 120 301.49 97 0 98 0 99 0 
731 -0.2818872798005687 -0.7456607435564674 -0.2821415739180707 109 126 147 267.91 97 0 98 0 99 0 
732 -0.1508640995110868 -0.9330347440066648 -0.4117378945119603 120 124 108 373.21 97 0 98 0 99 0 
733 -0.10958791890033925 -1.4629752540596164 -0.34128956430782176 164 176 191 622.85 97 0 98 0 99 0 
734 -0.12184882240963146 -1.2691792431765445 -0.3761010314944746 128 112 123 528.47 97 0 98 0 99 0 
735 -0.1653417839001179 -1.0949441590584716 -0.3949830143967713 104 103 103 450.18 97 0 98 0 99 0 
736 -0.5599173581319303 -0.6232550804195457 -0.2561255881161263 18 18 23 258.43 97 0 98 0 99 0 
737 -0.22190723284026515 -1.3989830688459495 -0.3077161397833731 150 151 163 605.53 97 0 98 0 99 0 
738 -0.35026050413145526 -0.9344533132574916 -0.36154496382723267 115 97 109 390.83 97 0 98 0 99 0 
739 -0.48227037497786585 -0.7772010391432768 -0.3320228220903383 170 169 171 332.0 97 0 98 0 99 0 
740 -0.497688009041116 -0.9104611323398252 -0.2984613536618854 107 94 107 391.4 97 0 98 0 99 0 
741 -0.5030750793825436 -0.726320044177337 -0.3355158287782286 122 105 116 315.04 97 0 98 0 99 0 
742 -0.501146209654491 -1.0395860642220556 -0.2797578113895355 96 94 108 457.76 97 0 98 0 99 0 
743 -0.8126173874388303 0.1851605629755345 -0.3424631024002588 19 25 21 461.85 97 0 98 0 99 0 
744 -0.8429264519293311 0.2502935155522671 -0.3412048801112588 28 37 26 505.85 97 0 98 0 99 0 
745 -0.7370997149358458 -0.15811656611520988 -0.3172855087591371 39 46 36 304.6 97 0 98 0 99 0 
746 -0.7116821668355091 -0.705940554748944 -0.2571341931042692 104 86 102 337.24 97 0 98 0 99 0 
