# Camera list with one line of data per camera:
#   CAMERA_ID, MODEL, WIDTH, HEIGHT, PARAMS[]
# Number of cameras: 11
21 OPENCV 1140 760 779.1360042735042 778.9228632478632 570.0 380.0 -0.110339 0.079547 0.0 0.0
22 OPENCV 1140 760 779.1360042735042 778.9228632478632 570.0 380.0 -0.110339 0.079547 0.0 0.0
23 OPENCV 1140 760 779.1360042735042 778.9228632478632 570.0 380.0 -0.110339 0.079547 0.0 0.0
35 OPENCV 1140 760 779.1360042735042 778.9228632478632 570.0 380.0 -0.110339 0.079547 0.0 0.0
36 OPENCV 1140 760 779.1360042735042 778.9228632478632 570.0 380.0 -0.110339 0.079547 0.0 0.0
37 OPENCV 1140 760 779.1360042735042 778.9228632478632 570.0 380.0 -0.110339 0.079547 0.0 0.0
38 OPENCV 1140 760 779.1360042735042 778.9228632478632 570.0 380.0 -0.110339 0.079547 0.0 0.0
40 OPENCV 1140 760 779.1360042735042 778.9228632478632 570.0 380.0 -0.110339 0.079547 0.0 0.0
42 OPENCV 1140 760 779.1360042735042 778.9228632478632 570.0 380.0 -0.110339 0.079547 0.0 0.0
44 OPENCV 1140 760 779.1360042735042 778.9228632478632 570.0 380.0 -0.110339 0.079547 0.0 0.0
45 OPENCV 1140 760 779.1360042735042 778.9228632478632 570.0 380.0 -0.110339 0.079547 0.0 0.0
