# Camera list with one line of data per camera:
#   CAMERA_ID, MODEL, WIDTH, HEIGHT, PARAMS[]
# Number of cameras: 84
21 OPENCV 1140 760 779.1360042735032 778.9228632477433 570.0000000001455 379.9999999998997 -0.11033905269639409 0.07954695691334746 0.0 0.0
22 OPENCV 1140 760 779.1360042734555 778.9228632480217 569.9999999997407 379.9999999999028 -0.11033898569860136 0.0795470464088078 0.0 0.0
23 OPENCV 1140 760 779.1360042736621 778.9228632477707 570.0000000001736 380.00000000006344 -0.11033898262431799 0.07954700056869826 0.0 0.0
35 OPENCV 1140 760 779.1360042738494 778.9228632473354 569.9999999998998 379.99999999983464 -0.11033906630129911 0.07954698357254393 0.0 0.0
36 OPENCV 1140 760 779.1360042735354 778.92286324783 570.0000000002808 379.99999999990473 -0.11033907146661653 0.07954694011341046 0.0 0.0
37 OPENCV 1140 760 779.136004273162 778.9228632480967 569.99999999919 380.000000000256 -0.11033900992722001 0.07954695216023708 0.0 0.0
38 OPENCV 1140 760 779.1360042729767 778.9228632485176 570.0000000002339 380.00000000024227 -0.11033920462892143 0.07954680690358129 0.0 0.0
40 OPENCV 1140 760 779.1360042737724 778.9228632478917 570.0000000007241 379.99999999960426 -0.11033897077154087 0.07954697929718157 0.0 0.0
42 OPENCV 1140 760 779.1360042740805 778.9228632478707 569.9999999997401 380.00000000037295 -0.11033910296566919 0.07954685015127747 0.0 0.0
44 OPENCV 1140 760 779.1360042738559 778.9228632475007 569.9999999998013 380.0000000003121 -0.11033909270077451 0.0795469692762222 0.0 0.0
45 OPENCV 1140 760 779.1360042729617 778.9228632480584 569.9999999998025 379.9999999999191 -0.11033928074185811 0.07954684155317689 0.0 0.0
27 OPENCV 1140 760 779.1360042733068 778.9228632478585 569.9999999999875 379.99999999995697 -0.11033887544290535 0.07954706370342983 0.0 0.0
28 OPENCV 1140 760 779.1360042733264 778.9228632481392 569.99999999983 380.00000000009004 -0.1103389355783058 0.07954700034109816 0.0 0.0
29 OPENCV 1140 760 779.136004273674 778.9228632478723 569.9999999998697 379.9999999999612 -0.11033900801923237 0.07954695999453092 0.0 0.0
32 OPENCV 1140 760 779.1360042737696 778.9228632475412 569.9999999999816 379.9999999999479 -0.11033908738995875 0.0795469180404331 0.0 0.0
34 OPENCV 1140 760 779.1360042748879 778.9228632472431 570.0000000008042 379.9999999998579 -0.11033911999960515 0.07954680891728248 0.0 0.0
24 OPENCV 1140 760 779.1360042738997 778.9228632478705 570.0000000011102 380.0000000001658 -0.11033877621307225 0.07954710741401275 0.0 0.0
25 OPENCV 1140 760 779.1360042747015 778.9228632470838 569.999999999742 379.99999999994253 -0.11033897130583162 0.07954690974601338 0.0 0.0
26 OPENCV 1140 760 779.1360042721562 778.9228632489265 570.0000000005298 380.0000000000059 -0.11033950926475479 0.07954663490457146 0.0 0.0
30 OPENCV 1140 760 779.1360042739584 778.9228632478145 570.0000000005753 379.9999999999714 -0.11033940995289354 0.07954667354494209 0.0 0.0
31 OPENCV 1140 760 779.1360042733567 778.9228632481895 569.9999999998612 379.99999999981213 -0.11033905003761166 0.07954695361211371 0.0 0.0
33 OPENCV 1140 760 779.1360042736044 778.9228632475608 569.9999999999571 380.00000000007395 -0.11033913498849131 0.07954690483423492 0.0 0.0
39 OPENCV 1140 760 779.1360042731594 778.9228632483424 570.0000000005772 379.9999999999839 -0.1103389006765556 0.07954704281692926 0.0 0.0
41 OPENCV 1140 760 779.1360042733676 778.9228632479814 569.9999999998457 379.9999999995077 -0.11033901415726834 0.0795470559295914 0.0 0.0
43 OPENCV 1140 760 779.1360042732662 778.9228632478034 569.9999999998969 380.0000000003457 -0.11033941216423462 0.07954677557164516 0.0 0.0
46 OPENCV 1140 760 779.1360042734924 778.9228632479395 569.9999999999008 380.00000000006173 -0.1103390664182474 0.07954695992664047 0.0 0.0
47 OPENCV 1140 760 779.1360042734667 778.9228632478842 569.9999999999145 379.9999999999571 -0.1103390607311931 0.07954695721312309 0.0 0.0
48 OPENCV 1140 760 779.1360042739527 778.9228632475639 569.9999999999145 379.99999999983413 -0.11033895931042431 0.07954700653948735 0.0 0.0
49 OPENCV 1140 760 779.1360042733493 778.9228632479036 570.0000000000019 379.9999999999604 -0.11033904181274981 0.07954699210464297 0.0 0.0
51 OPENCV 1140 760 779.1360042734457 778.9228632480447 569.9999999998581 380.00000000002177 -0.110339034591698 0.07954696318047803 0.0 0.0
0 OPENCV 1140 760 779.1360042728818 778.9228632482558 569.9999999999299 380.0000000001084 -0.11033896953005545 0.07954701869631807 0.0 0.0
1 OPENCV 1140 760 779.1360042736911 778.9228632478414 570.0000000000022 379.9999999998312 -0.11033891918569008 0.07954707353579242 0.0 0.0
2 OPENCV 1140 760 779.1360042743423 778.9228632471799 569.9999999997863 380.0000000001355 -0.11033899126235606 0.07954698909052194 0.0 0.0
3 OPENCV 1140 760 779.1360042730541 778.9228632482874 570.0000000000673 379.9999999998306 -0.11033909839740445 0.07954691723584031 0.0 0.0
4 OPENCV 1140 760 779.1360042736934 778.9228632476594 569.999999999943 380.0000000001763 -0.1103390835455025 0.07954694476174574 0.0 0.0
5 OPENCV 1140 760 779.1360042738904 778.9228632476215 570.0000000001379 380.000000000218 -0.11033897780460097 0.0795470085513494 0.0 0.0
6 OPENCV 1140 760 779.1360042735112 778.9228632482763 570.0000000001098 379.99999999999153 -0.11033873656122942 0.07954715071706817 0.0 0.0
7 OPENCV 1140 760 779.1360042737379 778.9228632477065 570.0000000001836 379.9999999999265 -0.11033905135247808 0.07954695875010218 0.0 0.0
8 OPENCV 1140 760 779.1360042728318 778.9228632482516 569.9999999997839 380.00000000008555 -0.11033885661592058 0.07954712172451049 0.0 0.0
9 OPENCV 1140 760 779.1360042731204 778.9228632478178 569.9999999999903 379.99999999981645 -0.11033897555695313 0.07954702965886876 0.0 0.0
10 OPENCV 1140 760 779.1360042737753 778.9228632477206 570.0000000002091 379.9999999998561 -0.11033917208887357 0.07954684337824293 0.0 0.0
11 OPENCV 1140 760 779.1360042737456 778.9228632478381 570.0000000001336 380.0000000001457 -0.11033912168231895 0.07954688494126197 0.0 0.0
12 OPENCV 1140 760 779.1360042747842 778.9228632468875 570.000000000355 379.9999999996144 -0.11033889046447663 0.07954706261780974 0.0 0.0
13 OPENCV 1140 760 779.1360042733138 778.9228632480083 570.0000000001672 379.999999999913 -0.11033902416410842 0.07954695261000788 0.0 0.0
14 OPENCV 1140 760 779.1360042736502 778.9228632478548 569.9999999996847 380.00000000019713 -0.11033895956828825 0.07954701698209751 0.0 0.0
15 OPENCV 1140 760 779.1360042727144 778.9228632486518 570.0000000003113 380.00000000080985 -0.1103393446364313 0.07954671597027861 0.0 0.0
16 OPENCV 1140 760 779.1360042741005 778.9228632471533 569.9999999996131 379.99999999954287 -0.11033892941040807 0.07954702115008525 0.0 0.0
17 OPENCV 1140 760 779.1360042723198 778.9228632484463 570.0000000000529 379.999999999908 -0.1103395213140455 0.07954663957381534 0.0 0.0
18 OPENCV 1140 760 779.1360042730751 778.9228632478447 570.0000000003627 379.9999999998559 -0.11033914772010463 0.07954690250158687 0.0 0.0
19 OPENCV 1140 760 779.1360042731244 778.9228632482398 569.9999999996629 379.9999999999844 -0.11033896186906976 0.07954699013884765 0.0 0.0
20 OPENCV 1140 760 779.1360042736352 778.9228632479764 569.9999999997796 380.00000000020566 -0.11033879017073012 0.07954708545888213 0.0 0.0
98 OPENCV 1140 760 779.1360042732963 778.9228632481098 569.9999999999945 380.00000000000256 -0.11033899616328964 0.07954700948210412 0.0 0.0
99 OPENCV 1140 760 779.136004273594 778.9228632477732 570.000000000044 379.99999999995765 -0.11033903218327255 0.07954697509169469 0.0 0.0
77 OPENCV 1140 760 779.1360042735602 778.9228632478303 570.0000000001008 379.9999999999837 -0.11033902076590078 0.07954697600282347 0.0 0.0
78 OPENCV 1140 760 779.1360042734615 778.922863247938 570.0000000001392 380.0000000000837 -0.11033903350615332 0.07954699136510035 0.0 0.0
79 OPENCV 1140 760 779.136004273661 778.9228632476568 569.9999999995742 379.999999999844 -0.1103391870515055 0.07954685720989907 0.0 0.0
80 OPENCV 1140 760 779.1360042731486 778.9228632482582 570.00000000002 379.9999999998628 -0.11033899885419714 0.0795469498037817 0.0 0.0
82 OPENCV 1140 760 779.136004273696 778.922863247837 570.000000000087 380.0000000002162 -0.11033901892988288 0.07954693400407747 0.0 0.0
84 OPENCV 1140 760 779.13600427364 778.9228632477624 569.9999999999636 380.0000000000868 -0.11033895775010517 0.07954700209555342 0.0 0.0
74 OPENCV 1140 760 779.1360042737118 778.9228632477668 569.9999999999135 380.0000000001016 -0.11033896857823816 0.07954702977751746 0.0 0.0
75 OPENCV 1140 760 779.1360042731761 778.9228632479394 570.0000000001393 379.99999999984504 -0.11033910085170107 0.07954693901289758 0.0 0.0
76 OPENCV 1140 760 779.1360042733652 778.9228632479749 570.0000000000402 379.9999999999245 -0.110339024066644 0.07954696537997225 0.0 0.0
67 OPENCV 1140 760 779.1360042733828 778.9228632479965 570.0000000000382 380.0000000000522 -0.11033904718177501 0.07954698128647728 0.0 0.0
68 OPENCV 1140 760 779.1360042735599 778.9228632477659 569.9999999999927 379.99999999998494 -0.11033899704140714 0.07954702345574026 0.0 0.0
69 OPENCV 1140 760 779.1360042733103 778.9228632480083 570.000000000062 379.9999999999993 -0.110339158369014 0.07954690534900975 0.0 0.0
70 OPENCV 1140 760 779.1360042737513 778.9228632476597 570.0000000001679 379.9999999999899 -0.11033902333754303 0.07954699551597035 0.0 0.0
71 OPENCV 1140 760 779.1360042741043 778.9228632473831 569.9999999998951 380.0000000001443 -0.11033902509627402 0.07954697508040574 0.0 0.0
72 OPENCV 1140 760 779.1360042730615 778.9228632482535 569.999999999652 379.99999999985664 -0.11033889199558741 0.07954710252790943 0.0 0.0
73 OPENCV 1140 760 779.1360042728336 778.9228632483521 569.9999999999837 379.99999999989217 -0.11033900516389461 0.07954704606465886 0.0 0.0
81 OPENCV 1140 760 779.1360042729689 778.9228632485459 569.9999999996837 379.9999999999675 -0.11033907865495558 0.0795468312026047 0.0 0.0
83 OPENCV 1140 760 779.1360042743821 778.9228632472974 570.0000000000689 380.0000000002339 -0.1103389938151347 0.07954694358568651 0.0 0.0
85 OPENCV 1140 760 779.1360042739769 778.92286324739 569.9999999999585 380.00000000024494 -0.11033885203888348 0.07954706884011767 0.0 0.0
86 OPENCV 1140 760 779.1360042737118 778.9228632477384 569.9999999997628 380.0000000003018 -0.11033893317225275 0.07954697648048242 0.0 0.0
87 OPENCV 1140 760 779.1360042729203 778.9228632485845 570.0000000000106 379.99999999995697 -0.11033910160115783 0.07954696760904018 0.0 0.0
88 OPENCV 1140 760 779.136004273784 778.9228632475255 569.9999999996979 379.9999999999274 -0.11033895776307659 0.07954701927596092 0.0 0.0
89 OPENCV 1140 760 779.1360042737999 778.9228632477633 570.0000000003041 380.0000000000665 -0.11033891686385118 0.07954705067920828 0.0 0.0
90 OPENCV 1140 760 779.1360042732928 778.922863248022 569.9999999999699 380.0000000000135 -0.11033902316539353 0.07954699631883817 0.0 0.0
91 OPENCV 1140 760 779.1360042733919 778.9228632479544 569.9999999999696 379.9999999999777 -0.1103390732642895 0.0795469644985034 0.0 0.0
92 OPENCV 1140 760 779.1360042734838 778.922863247878 570.0000000000584 379.9999999998998 -0.11033896711121796 0.07954702392306658 0.0 0.0
94 OPENCV 1140 760 779.136004273352 778.92286324795 570.000000000005 379.99999999999085 -0.11033899027648683 0.07954701816610779 0.0 0.0
95 OPENCV 1140 760 779.136004273643 778.9228632477955 570.0000000000088 380.0000000000927 -0.11033906597505158 0.07954694341885041 0.0 0.0
96 OPENCV 1140 760 779.1360042735434 778.9228632477434 569.9999999997467 379.9999999999761 -0.11033897774452268 0.07954703133830202 0.0 0.0
97 OPENCV 1140 760 779.1360042735106 778.9228632479621 569.9999999999329 379.9999999998381 -0.11033899964042508 0.07954698512350272 0.0 0.0
93 OPENCV 1140 760 779.1360042734042 778.9228632480217 569.9999999999959 380.00000000001296 -0.11033896383730862 0.07954702456710218 0.0 0.0
