# Camera list with one line of data per camera:
#   CAMERA_ID, MODEL, WIDTH, HEIGHT, PARAMS[]
# Number of cameras: 7
62 OPENCV 1140 760 779.1360042736992 778.92286324768 569.9999999999461 380.00000000013813 -0.11033885917761563 0.07954703981178489 0.0 0.0
63 OPENCV 1140 760 779.136004273537 778.9228632478583 570.0000000000203 380.00000000010135 -0.11033894632244429 0.0795470273787256 0.0 0.0
64 OPENCV 1140 760 779.136004273429 778.9228632478197 569.999999999878 379.9999999997228 -0.1103390841683997 0.0795469492296385 0.0 0.0
65 OPENCV 1140 760 779.1360042732789 778.9228632481763 570.000000000241 379.9999999998698 -0.11033906930763267 0.07954696364357676 0.0 0.0
66 OPENCV 1140 760 779.1360042736026 778.9228632477809 569.9999999998979 380.00000000006264 -0.11033905424681838 0.07954698870372567 0.0 0.0
67 OPENCV 1140 760 779.1360042732279 778.9228632481272 569.9999999999677 380.0000000001994 -0.11033903961522878 0.07954697294188078 0.0 0.0
68 OPENCV 1140 760 779.1360042737125 778.9228632476301 570.0000000000053 379.99999999991 -0.11033893498065242 0.0795470502577071 0.0 0.0
