# Camera list with one line of data per camera:
#   CAMERA_ID, MODEL, WIDTH, HEIGHT, PARAMS[]
# Number of cameras: 33
77 OPENCV 1140 760 779.1360042735602 778.9228632478303 570.0000000001008 379.9999999999837 -0.11033902076590078 0.07954697600282347 0.0 0.0
78 OPENCV 1140 760 779.1360042734615 778.922863247938 570.0000000001392 380.0000000000837 -0.11033903350615332 0.07954699136510035 0.0 0.0
79 OPENCV 1140 760 779.136004273661 778.9228632476568 569.9999999995742 379.999999999844 -0.1103391870515055 0.07954685720989907 0.0 0.0
80 OPENCV 1140 760 779.1360042731486 778.9228632482582 570.00000000002 379.9999999998628 -0.11033899885419714 0.0795469498037817 0.0 0.0
82 OPENCV 1140 760 779.136004273696 778.922863247837 570.000000000087 380.0000000002162 -0.11033901892988288 0.07954693400407747 0.0 0.0
84 OPENCV 1140 760 779.13600427364 778.9228632477624 569.9999999999636 380.0000000000868 -0.11033895775010517 0.07954700209555342 0.0 0.0
74 OPENCV 1140 760 779.1360042737118 778.9228632477668 569.9999999999135 380.0000000001016 -0.11033896857823816 0.07954702977751746 0.0 0.0
75 OPENCV 1140 760 779.1360042731761 778.9228632479394 570.0000000001393 379.99999999984504 -0.11033910085170107 0.07954693901289758 0.0 0.0
76 OPENCV 1140 760 779.1360042733652 778.9228632479749 570.0000000000402 379.9999999999245 -0.110339024066644 0.07954696537997225 0.0 0.0
67 OPENCV 1140 760 779.1360042733828 778.9228632479965 570.0000000000382 380.0000000000522 -0.11033904718177501 0.07954698128647728 0.0 0.0
68 OPENCV 1140 760 779.1360042735599 778.9228632477659 569.9999999999927 379.99999999998494 -0.11033899704140714 0.07954702345574026 0.0 0.0
69 OPENCV 1140 760 779.1360042733103 778.9228632480083 570.000000000062 379.9999999999993 -0.110339158369014 0.07954690534900975 0.0 0.0
70 OPENCV 1140 760 779.1360042737513 778.9228632476597 570.0000000001679 379.9999999999899 -0.11033902333754303 0.07954699551597035 0.0 0.0
71 OPENCV 1140 760 779.1360042741043 778.9228632473831 569.9999999998951 380.0000000001443 -0.11033902509627402 0.07954697508040574 0.0 0.0
72 OPENCV 1140 760 779.1360042730615 778.9228632482535 569.999999999652 379.99999999985664 -0.11033889199558741 0.07954710252790943 0.0 0.0
73 OPENCV 1140 760 779.1360042728336 778.9228632483521 569.9999999999837 379.99999999989217 -0.11033900516389461 0.07954704606465886 0.0 0.0
81 OPENCV 1140 760 779.1360042729689 778.9228632485459 569.9999999996837 379.9999999999675 -0.11033907865495558 0.0795468312026047 0.0 0.0
83 OPENCV 1140 760 779.1360042743821 778.9228632472974 570.0000000000689 380.0000000002339 -0.1103389938151347 0.07954694358568651 0.0 0.0
85 OPENCV 1140 760 779.1360042739769 778.92286324739 569.9999999999585 380.00000000024494 -0.11033885203888348 0.07954706884011767 0.0 0.0
86 OPENCV 1140 760 779.1360042737118 778.9228632477384 569.9999999997628 380.0000000003018 -0.11033893317225275 0.07954697648048242 0.0 0.0
87 OPENCV 1140 760 779.1360042729203 778.9228632485845 570.0000000000106 379.99999999995697 -0.11033910160115783 0.07954696760904018 0.0 0.0
88 OPENCV 1140 760 779.136004273784 778.9228632475255 569.9999999996979 379.9999999999274 -0.11033895776307659 0.07954701927596092 0.0 0.0
89 OPENCV 1140 760 779.1360042737999 778.9228632477633 570.0000000003041 380.0000000000665 -0.11033891686385118 0.07954705067920828 0.0 0.0
90 OPENCV 1140 760 779.1360042732928 778.922863248022 569.9999999999699 380.0000000000135 -0.11033902316539353 0.07954699631883817 0.0 0.0
91 OPENCV 1140 760 779.1360042733919 778.9228632479544 569.9999999999696 379.9999999999777 -0.1103390732642895 0.0795469644985034 0.0 0.0
92 OPENCV 1140 760 779.1360042734838 778.922863247878 570.0000000000584 379.9999999998998 -0.11033896711121796 0.07954702392306658 0.0 0.0
94 OPENCV 1140 760 779.136004273352 778.92286324795 570.000000000005 379.99999999999085 -0.11033899027648683 0.07954701816610779 0.0 0.0
95 OPENCV 1140 760 779.136004273643 778.9228632477955 570.0000000000088 380.0000000000927 -0.11033906597505158 0.07954694341885041 0.0 0.0
98 OPENCV 1140 760 779.1360042735048 778.9228632478566 569.9999999999872 379.99999999999676 -0.11033899477763918 0.0795470026500736 0.0 0.0
96 OPENCV 1140 760 779.1360042735434 778.9228632477434 569.9999999997467 379.9999999999761 -0.11033897774452268 0.07954703133830202 0.0 0.0
97 OPENCV 1140 760 779.1360042735106 778.9228632479621 569.9999999999329 379.9999999998381 -0.11033899964042508 0.07954698512350272 0.0 0.0
99 OPENCV 1140 760 779.1360042735487 778.9228632478507 570.0000000000745 380.0000000000392 -0.11033899524704172 0.07954699749144337 0.0 0.0
93 OPENCV 1140 760 779.1360042734042 778.9228632480217 569.9999999999959 380.00000000001296 -0.11033896383730862 0.07954702456710218 0.0 0.0
