# Camera list with one line of data per camera:
#   CAMERA_ID, MODEL, WIDTH, HEIGHT, PARAMS[]
# Number of cameras: 12
67 OPENCV 1140 760 779.1360042733828 778.9228632479965 570.0000000000382 380.0000000000522 -0.11033904718177501 0.07954698128647728 0.0 0.0
68 OPENCV 1140 760 779.1360042735599 778.9228632477659 569.9999999999927 379.99999999998494 -0.11033899704140714 0.07954702345574026 0.0 0.0
69 OPENCV 1140 760 779.1360042733103 778.9228632480083 570.000000000062 379.9999999999993 -0.110339158369014 0.07954690534900975 0.0 0.0
70 OPENCV 1140 760 779.1360042737513 778.9228632476597 570.0000000001679 379.9999999999899 -0.11033902333754303 0.07954699551597035 0.0 0.0
71 OPENCV 1140 760 779.1360042741043 778.9228632473831 569.9999999998951 380.0000000001443 -0.11033902509627402 0.07954697508040574 0.0 0.0
72 OPENCV 1140 760 779.1360042730615 778.9228632482535 569.999999999652 379.99999999985664 -0.11033889199558741 0.07954710252790943 0.0 0.0
73 OPENCV 1140 760 779.1360042728336 778.9228632483521 569.9999999999837 379.99999999989217 -0.11033900516389461 0.07954704606465886 0.0 0.0
74 OPENCV 1140 760 779.136004273439 778.9228632479893 570.0000000002553 380.00000000011966 -0.11033889659940449 0.07954705883424985 0.0 0.0
75 OPENCV 1140 760 779.1360042742892 778.9228632471634 570.000000000187 380.00000000004144 -0.11033876624266717 0.07954712371178271 0.0 0.0
76 OPENCV 1140 760 779.1360042733359 778.9228632479909 569.9999999998882 379.9999999999135 -0.11033904644087793 0.07954697509040999 0.0 0.0
77 OPENCV 1140 760 779.1360042734185 778.9228632479684 569.9999999999739 380.0000000000891 -0.11033908839940976 0.07954693150275194 0.0 0.0
78 OPENCV 1140 760 779.1360042734935 778.922863247871 569.9999999999976 380.00000000000364 -0.1103389927267514 0.07954700595883142 0.0 0.0
