# Camera list with one line of data per camera:
#   CAMERA_ID, MODEL, WIDTH, HEIGHT, PARAMS[]
# Number of cameras: 7
59 OPENCV 1140 760 779.1360042732603 778.9228632480842 570.0000000000522 379.9999999999356 -0.11033892309128777 0.07954706534897116 0.0 0.0
60 OPENCV 1140 760 779.1360042745893 778.9228632467781 569.999999999649 380.0000000002454 -0.11033893405716656 0.0795470367902314 0.0 0.0
61 OPENCV 1140 760 779.1360042728128 778.9228632486553 569.9999999996184 379.99999999989 -0.11033931636946798 0.0795467252645765 0.0 0.0
62 OPENCV 1140 760 779.1360042733302 778.9228632481005 570.0000000000971 380.0000000001565 -0.11033900255279902 0.07954696291366678 0.0 0.0
63 OPENCV 1140 760 779.1360042738415 778.9228632474975 569.999999999926 380.00000000005076 -0.11033894893470268 0.07954703475870108 0.0 0.0
64 OPENCV 1140 760 779.1360042733361 778.9228632480934 570.000000000072 380.0000000000158 -0.11033895472397065 0.07954702106925512 0.0 0.0
65 OPENCV 1140 760 779.1360042734814 778.9228632478614 569.9999999999967 379.999999999933 -0.11033907681431834 0.07954696742473517 0.0 0.0
