# 3D point list with one line of data per point:
#   POINT3D_ID, X, Y, Z, R, G, B, ERROR, TRACK[] as (IMAGE_ID, POINT2D_IDX)
# Number of points: 804, mean track length: 3.45
0 -1.032367442129118 0.36875402133934665 0.5612792406968654 20 25 25 0.56 94 0 96 0 98 0 
1 -0.11663719502983483 0.8285452704207624 0.547019016095911 130 128 135 0.13 94 0 95 0 96 0 
2 -1.0400230548680072 0.3649361599172952 0.5454883817253364 34 40 38 0.36 94 0 95 0 96 0 
3 -0.10337811206528746 0.8055205547453638 0.5290064323560522 147 161 166 0.34 94 0 95 0 96 0 
4 -0.11839674163899616 0.7998936525271657 0.5073977615661083 155 148 146 0.18 94 0 95 0 96 0 
5 -0.09819980219218216 0.7662024862820943 0.5067069968707933 141 141 137 0.23 94 0 95 0 96 0 
6 -0.12707517468481866 0.793632956344717 0.479444357417961 167 175 177 0.65 94 0 95 0 96 0 
7 -0.07059055658483926 0.7322887397327044 0.5023182040918612 136 138 142 0.54 94 0 95 0 96 0 
8 -0.098487716018135 0.7626164065114386 0.47937456227783826 134 131 125 0.24 94 0 95 0 96 0 
9 -0.13089680970049233 0.7904070452710018 0.4668067030430221 173 174 166 0.34 94 0 95 0 96 0 
10 -0.10349030981775575 0.7355629951320805 0.48315026552777995 181 177 169 0.27 94 0 95 0 96 0 
11 0.2924893648799993 1.0749118060655662 0.42259293021775335 49 61 75 0.28 94 0 95 0 96 0 
12 -0.1331299475941572 0.7642698320100006 0.45354327045962495 159 158 159 0.42 94 0 95 0 96 0 
13 -1.3103304685207564 0.017298091288064338 0.5627577561112831 28 34 36 0.35 94 0 95 0 96 0 97 0 
14 -0.08328244205908542 0.7160365690275566 0.4647230625505847 153 143 134 0.56 94 0 95 0 96 0 
15 -0.008200921192166533 0.6204893435427835 0.4946690060698 156 143 131 0.63 94 0 95 0 96 0 97 0 
16 -0.10450508668401115 0.7292085194897139 0.45137100117426976 163 156 149 0.44 94 0 95 0 96 0 
17 -0.06193851124075245 0.6376244715511409 0.46697340171296897 155 158 152 0.67 94 0 95 0 96 0 
18 -0.021217089119393684 0.5964595410451051 0.4808327679018345 145 136 127 0.4 94 0 95 0 96 0 
19 -0.14389397876974197 0.7739664451870073 0.42481029520248437 160 160 160 0.43 94 0 95 0 96 0 
20 -0.09193101350647392 0.7264537470250637 0.43856930315522313 167 166 160 0.42 94 0 95 0 96 0 
21 -0.10746499990818759 0.69808981172079 0.4363742545970699 135 131 127 0.33 94 0 95 0 96 0 
22 -0.02500732484998336 0.6026237827314452 0.46542637918216223 141 130 121 0.68 94 0 95 0 96 0 
23 -0.0979469096542065 0.679903211422742 0.4391194402632628 132 130 127 0.47 94 0 95 0 96 0 
24 -0.05606794374572255 0.86588114885165 0.39117592783347765 114 121 131 0.38 94 0 95 0 96 0 
25 -0.16449666406084962 0.7733334915912776 0.40936254150287765 174 174 170 0.53 94 0 95 0 96 0 
26 -0.15111707849165468 0.7503445102642222 0.39462803201278995 149 151 145 0.34 94 0 95 0 96 0 
27 -0.09164147527232913 0.6851687990536776 0.4090287097280263 152 143 135 0.66 94 0 95 0 96 0 
28 -0.123199985601945 0.7207805123632093 0.3945009929306824 158 150 140 0.6 94 0 95 0 96 0 
29 -0.08146080813208068 0.6630673218932609 0.4099146308294681 152 146 138 0.56 94 0 95 0 96 0 
30 0.8817391018839789 1.503807928396837 0.23695698116370134 40 42 47 1.03 94 0 96 0 97 0 
31 -0.11229971156146279 0.6780286952835602 0.3932338239429378 160 151 140 0.34 94 0 95 0 96 0 
32 0.4417000113853913 -0.07205814743423047 0.6038891552124896 161 161 163 0.73 94 0 95 0 96 0 
33 -0.07673378637652739 0.6445390230884113 0.39460258226995415 154 143 131 0.38 94 0 95 0 96 0 
34 -0.1070099750184399 0.679753227938196 0.38046987440897917 134 130 124 1.32 94 0 95 0 96 0 
35 -0.027183542372572145 0.5669557125955361 0.4095132984019201 137 133 125 0.6 94 0 95 0 96 0 97 0 
36 -0.1631975083963697 0.7281650728044234 0.3598179888461124 147 140 136 0.79 94 0 96 0 98 0 
37 -0.14165746730692996 0.7144678495169637 0.36585579976564575 117 114 109 0.41 94 0 95 0 96 0 
38 -0.16704635995746075 0.7503682179949519 0.3526992108650233 124 136 144 0.48 94 0 95 0 96 0 97 0 98 0 
39 -1.053343221005313 0.28672245021162845 0.44862982393129625 156 167 177 0.55 94 0 95 0 96 0 
40 2.8216521325114226 3.291594383498001 -0.19918171847256017 218 224 214 0.3 94 0 95 0 96 0 97 0 
41 -0.13948993971474666 0.6956356557026236 0.3649810012662602 150 144 136 0.51 94 0 95 0 96 0 
42 -0.06134681777729156 0.5817838311526368 0.3810995886913322 135 127 123 0.98 94 0 95 0 96 0 
43 -0.1816311040426566 0.7346854392270891 0.3365332586694916 147 147 144 0.59 94 0 96 0 97 0 99 0 
44 -0.006635388201596815 0.5161552003962414 0.39230853511462316 168 169 167 0.06 94 0 95 0 96 0 
45 -0.13420444184378777 0.6712532123713381 0.35048744275635535 139 135 128 0.85 94 0 95 0 96 0 
46 0.7218408620650207 1.333494171624994 0.19575871444173054 48 67 85 0.15 94 0 95 0 96 0 
47 -0.15181531803670856 0.7181082951745784 0.33386810883331086 148 142 133 0.54 94 0 95 0 96 0 
48 -0.05081860566626295 0.5642368297903996 0.36607751529758636 127 120 116 0.57 94 0 95 0 96 0 
49 0.04326806129297589 0.4297952683430929 0.3963965285659663 120 110 105 0.53 94 0 95 0 96 0 97 0 99 0 
50 -0.17073150317048258 0.7118456661060789 0.3215364314315916 131 128 123 0.71 94 0 95 0 96 0 97 0 99 0 
51 -0.03282390406717983 0.5378432096150308 0.3656642152271752 122 113 105 0.1 94 0 95 0 96 0 
52 0.22607279853447482 1.0278797112847866 0.23747265348561175 98 104 109 0.24 94 0 95 0 96 0 
53 -0.1207604870273995 0.6796964777064792 0.3221393867676272 145 138 131 0.71 94 0 95 0 96 0 
54 -0.04545371395972175 0.5598769138314988 0.350537824602587 152 153 151 0.64 94 0 95 0 96 0 
55 -0.13484352510624342 0.6533554451307891 0.3229455748807055 151 148 144 0.34 94 0 95 0 96 0 
56 -0.1584852557486438 0.689040489790513 0.3085472981048134 152 148 139 0.62 94 0 95 0 96 0 97 0 99 0 
57 2.947495401427599 3.1163831281232586 -0.30477347639003005 227 243 253 0.37 94 0 95 0 96 0 
58 0.3917646422279968 -0.07244372930065382 0.4941099347713278 160 162 160 0.61 94 0 96 0 98 0 
59 2.8361226978928116 3.2967489466259106 -0.3555797139859782 142 165 183 0.45 94 0 95 0 96 0 
60 -0.2077311219865008 0.7650582075957558 0.28418544052532746 125 134 149 0.25 94 0 95 0 96 0 97 0 
61 -0.16381242927620354 0.6852999475015572 0.2946040491017239 131 129 124 0.42 94 0 95 0 96 0 97 0 99 0 
62 -1.0936482156508731 0.198332212867217 0.43201695120317485 39 45 47 0.31 94 0 95 0 96 0 
63 -0.034830092274661606 0.4859296676067236 0.3387429666666588 154 144 136 1.39 94 0 95 0 96 0 97 0 
64 -0.038724421217865235 0.534629146265926 0.32199149909524993 130 125 121 0.53 94 0 95 0 96 0 
65 -0.11839514714955479 0.8214805008407833 0.24922072955116592 87 101 127 0.24 94 0 95 0 96 0 
66 -0.20551560166355243 0.7335139016227318 0.27207236104376653 119 103 104 0.91 94 0 95 0 96 0 97 0 99 0 
67 -0.1266680309225272 0.6254698957190091 0.29654190644255185 118 117 114 0.85 94 0 96 0 97 0 99 0 
68 2.8119941159002337 3.239757157146824 -0.402804485671743 144 192 214 0.48 94 0 95 0 96 0 97 0 98 0 
69 0.9516837340468067 1.4824643058362714 0.05612204907409857 48 48 61 0.13 94 0 95 0 96 0 
70 -0.12392563787729438 0.6594506016868352 0.28059535571798655 143 136 126 0.49 94 0 95 0 96 0 
71 0.031938018592342576 0.39908947192586697 0.3382348181963897 137 138 134 0.56 94 0 95 0 96 0 97 0 
72 0.7178783717037456 -0.533286412350016 0.5564584745193433 151 158 165 0.74 94 0 95 0 96 0 
73 2.8123257213932114 3.1806215212128413 -0.42938652760516616 204 222 237 0.54 94 0 95 0 96 0 97 0 
74 -0.1798486466941207 0.7073724624419512 0.2540848166804057 146 141 135 1.25 94 0 95 0 96 0 97 0 
75 -0.16788355304663716 0.6659836647379419 0.26315416698204475 118 115 113 0.51 94 0 95 0 96 0 97 0 99 0 
76 -0.12833838547493182 0.6022976167217103 0.2735744028841476 151 151 145 0.44 94 0 96 0 97 0 
77 -0.14784537657191876 0.6293123370776249 0.26611361680676215 92 91 94 0.61 94 0 95 0 96 0 97 0 99 0 
78 0.05778585128761904 0.33205870742902477 0.32947209716532666 111 100 94 0.5 94 0 96 0 97 0 99 0 
79 0.3553107926776655 0.005105553060463647 0.396837493960007 84 99 120 0.58 94 0 95 0 96 0 97 0 98 0 99 0 
80 2.6264056785818948 3.207336775802082 -0.46701359638567697 214 240 252 0.58 94 0 96 0 97 0 98 0 
81 -0.12930756384417208 0.5810232080968888 0.25742366911214454 125 122 115 0.31 94 0 95 0 96 0 
82 0.43114911886130414 -0.19828279144646435 0.41907973353105654 185 179 171 0.63 94 0 96 0 98 0 
83 -0.12712402166967118 0.5953609684531057 0.24335356461496516 137 134 130 0.49 94 0 96 0 97 0 
84 0.056974604375229276 0.3236241934734082 0.2964778231031311 128 125 119 0.58 94 0 96 0 97 0 99 0 
85 8.843137065385072 6.057034495035533 -1.5536230506610473 179 210 223 0.33 94 0 95 0 96 0 
86 -0.21092605066540981 0.6950951910421931 0.21786298560130302 131 130 123 0.52 94 0 96 0 97 0 99 0 
87 -0.23531134200456405 0.7449918625291719 0.20079455057020623 134 138 141 0.75 94 0 95 0 96 0 97 0 
88 2.5212386477838256 3.101979828890223 -0.5293524530839389 175 177 163 0.81 94 0 95 0 96 0 97 0 
89 0.0045793312079185355 0.373993808712357 0.2631578471107172 137 137 134 0.2 94 0 95 0 96 0 
90 0.32106088060959426 0.007075636889916387 0.32704383430587636 136 157 174 0.54 94 0 95 0 96 0 97 0 98 0 
91 0.29789936666846284 -0.03567436377170399 0.3379591519089764 47 52 57 0.2 94 0 95 0 96 0 
92 -0.2243175298568736 0.7071970014730485 0.1887724150581882 136 136 135 0.82 94 0 95 0 96 0 97 0 99 0 
93 -0.22459023452158577 0.6882033040927714 0.19041686792788215 131 131 128 0.5 94 0 96 0 97 0 99 0 
94 -0.25012720968819346 0.7390421510626005 0.17942464179474582 135 137 144 0.44 94 0 95 0 96 0 97 0 
95 -0.2054447843953322 0.6591055407418539 0.19136026134892092 115 112 110 1.16 94 0 95 0 96 0 97 0 99 0 
96 0.2787954645249817 -0.0426780839275375 0.3127227921923075 90 87 87 0.72 94 0 96 0 98 0 
97 -0.17251711877716103 0.6013739363702869 0.17890110251457458 130 124 118 0.78 94 0 95 0 96 0 97 0 99 0 
98 -0.23965509455382294 0.6964227161262387 0.16127368805276943 136 129 127 0.43 94 0 95 0 96 0 97 0 
99 -0.20328997946537264 0.6460525146339301 0.16409819864946962 126 124 120 1.13 94 0 95 0 96 0 97 0 99 0 
100 -0.1505580520069052 0.5661737676356017 0.17864409182117935 131 124 116 0.57 94 0 95 0 96 0 97 0 
101 -0.17884486675533084 0.6174095236166254 0.16267206911194232 130 128 124 1.23 94 0 95 0 96 0 97 0 99 0 
102 -0.26436338327339515 0.732908365643561 0.1355701532689093 102 112 131 1.37 94 0 95 0 96 0 97 0 99 0 
103 0.8649321378582027 -0.8324262650552918 0.4016569112143036 164 183 199 0.47 94 0 95 0 96 0 97 0 98 0 99 0 
104 0.05137364740318251 0.2507248230233635 0.21466416854373116 84 87 99 0.39 94 0 95 0 96 0 98 0 
105 -1.1397109132816645 0.07461424346250775 0.376496610517254 16 16 16 0.23 94 0 95 0 96 0 
106 -0.23342661960991107 0.6637056315615474 0.13597415614311315 140 136 128 0.43 94 0 96 0 97 0 99 0 
107 0.12205597843150917 0.13672345951332185 0.2228417266146976 56 59 59 0.41 94 0 95 0 96 0 97 0 98 0 99 0 
108 0.3259828598327481 -0.13955850796220629 0.2658515671380086 151 142 138 0.31 94 0 95 0 96 0 98 0 
109 2.937892624305909 -2.873769605335813 0.644548131405908 51 60 66 1.12 94 0 95 0 96 0 
110 2.0900914753589404 2.195884950158866 -0.47836151185581444 25 27 31 0.49 94 0 95 0 96 0 97 0 
111 0.044831914948590956 0.26049991317897947 0.19231405050424621 158 155 147 0.3 94 0 96 0 98 0 
112 5.100210929934308 4.370140726593424 -1.3326580047028664 170 183 186 2.85 94 0 95 0 96 0 
113 -1.1439750660537902 0.059335167088905155 0.3664544346517029 28 31 30 0.43 94 0 95 0 96 0 
114 -0.14958602636621476 0.5139986021256103 0.13808460267776823 130 126 120 1.37 94 0 95 0 96 0 97 0 
115 5.516641519443687 4.1489855323403075 -1.384009377754406 78 90 103 1.43 94 0 95 0 96 0 
116 0.8011808970435172 -0.7908240667284855 0.3332822885700846 192 210 224 0.54 94 0 95 0 96 0 97 0 98 0 
117 -0.12755935561853748 0.46771399805626157 0.1401357190893564 129 126 121 0.92 94 0 95 0 96 0 97 0 99 0 
118 0.12464135458065817 0.12151913726635208 0.1921040879191802 158 149 140 0.27 94 0 96 0 98 0 
119 0.845329330375975 -0.8459980973573723 0.3335221186956867 203 230 243 0.6 94 0 95 0 96 0 97 0 98 0 99 0 
120 -0.25160601211631617 0.671815810639751 0.10416720431207893 53 66 79 1.2 94 0 95 0 96 0 97 0 99 0 
121 -0.09504024796339872 0.4446082907126435 0.13678122419819339 144 137 125 2.01 94 0 96 0 97 0 
122 -0.0369550208802627 0.3445624847093661 0.15197346518431543 102 96 94 0.71 94 0 95 0 96 0 
123 0.8606647407662025 -0.8951409530590814 0.3362180399460035 165 188 209 0.95 94 0 95 0 96 0 97 0 98 0 99 0 
124 -0.2863625810315411 0.7168629905109615 0.09341864539993061 88 84 97 0.72 94 0 95 0 96 0 97 0 
125 -0.21678494970573903 0.6028479388022004 0.11072554237569232 116 116 114 0.7 94 0 95 0 96 0 97 0 
126 -0.0113543640969902 0.3097741960138053 0.1533612134370974 117 110 104 0.14 94 0 95 0 96 0 
127 -0.19634476573455428 0.5733524676832963 0.11166680321787359 109 106 102 0.91 94 0 96 0 97 0 99 0 
128 -0.2304248763322696 0.6259434667999512 0.09322514495892764 79 87 97 0.38 94 0 96 0 97 0 99 0 
129 -0.18948258296139509 0.5513773171553235 0.09937595749361794 128 128 126 0.36 94 0 95 0 96 0 97 0 99 0 
130 -0.06007591205785001 0.35436502800607983 0.12623993557745083 104 102 100 0.81 94 0 95 0 96 0 97 0 99 0 
131 0.006462179458954331 0.2746826153195244 0.13549786215384518 127 124 124 0.39 94 0 95 0 96 0 
132 0.37808961869988433 1.1244861483146549 -0.11425543687498951 61 51 50 0.32 94 0 95 0 96 0 
133 -0.3063912252330705 0.709245757601119 0.07392576137143347 131 140 145 0.53 94 0 95 0 96 0 
134 -0.1260745575539537 0.4649675376177519 0.10805748565595219 132 131 129 0.63 94 0 95 0 96 0 97 0 99 0 
135 -0.1063666153314462 0.4349685803734683 0.1065579505992178 121 118 118 0.52 94 0 95 0 96 0 97 0 99 0 
136 0.09591002425294981 0.1306597990788035 0.14862552623384295 142 131 127 0.14 94 0 95 0 96 0 98 0 
137 0.11652021116471056 0.08913761029583286 0.15369445050781527 148 140 137 0.49 94 0 95 0 96 0 98 0 
138 -0.26522556441957734 0.6573586733207405 0.06985776410506883 111 111 110 0.33 94 0 96 0 97 0 99 0 
139 0.6825179967737398 -0.7642603722411236 0.26396046272756646 194 187 189 0.32 94 0 96 0 97 0 98 0 99 0 
140 -0.1809259762092741 0.529097355898477 0.08413358083677425 98 94 92 1.22 94 0 95 0 96 0 97 0 99 0 
141 -0.16347448037429002 0.5119836960685641 0.08126555393332491 112 107 106 0.81 94 0 95 0 96 0 97 0 
142 0.05870873726267112 0.16376234141789867 0.12975708678046294 128 128 124 2.44 94 0 95 0 96 0 97 0 98 0 
143 -0.08625906283546625 0.3849282925716949 0.09289005277902285 124 128 126 0.54 94 0 95 0 96 0 97 0 99 0 
144 0.6750544802358511 -0.7650484988425025 0.24587279162652598 85 85 90 0.51 94 0 96 0 97 0 98 0 99 0 
145 0.5164136051296226 1.2270466122186627 -0.20255736847017114 73 81 86 0.5 94 0 95 0 96 0 
146 -0.1809630904325128 0.5623331455500571 0.056245091325063834 138 140 139 0.42 94 0 95 0 96 0 
147 0.41954677279097563 -0.39540152887364977 0.18415103631252716 123 131 140 0.38 94 0 95 0 96 0 98 0 
148 6.61360484710195 5.241562427828522 -2.095711991556979 110 111 123 0.38 94 0 96 0 97 0 
149 0.6712824750391866 -0.7689716422958647 0.22999798243605452 79 71 73 0.26 94 0 96 0 97 0 98 0 99 0 
150 0.4697385436075454 -0.44923598975068846 0.1826854472040369 136 127 132 1.18 94 0 95 0 96 0 98 0 
151 -0.18841230813040877 0.5284872493247236 0.057948980396592686 115 113 108 0.5 94 0 95 0 96 0 
152 -0.1410980496925185 0.4524965083599556 0.06964687283463 111 103 100 0.38 94 0 96 0 97 0 
153 -0.31170747882694494 0.7030950491928115 0.032496131022691443 116 121 127 0.44 94 0 95 0 96 0 97 0 
154 0.4977646058057674 -0.517074795138608 0.18560683087424668 158 150 147 0.59 94 0 95 0 96 0 98 0 
155 -0.22199342119609966 0.5690683873948591 0.04647012468084566 117 116 112 0.7 94 0 95 0 96 0 97 0 99 0 
156 -0.2108519119999963 0.5482445270283797 0.04678463539934352 130 126 120 1.04 94 0 95 0 96 0 
157 -0.2755494859890333 0.6519539900545422 0.03277242150744164 115 113 109 0.35 94 0 95 0 96 0 
158 -0.14490402934883662 0.4433314865623924 0.05693714551698559 86 84 89 0.49 94 0 96 0 97 0 99 0 
159 -0.253575048183595 0.6150567435944186 0.03196346520952953 132 129 123 1.07 94 0 95 0 96 0 97 0 
160 0.17631338390515028 -0.04196257224039682 0.11159860729440307 153 156 156 0.59 94 0 95 0 96 0 97 0 98 0 99 0 
161 -0.21100014841397519 0.5473667295765233 0.03378592878810527 127 125 118 0.5 94 0 96 0 97 0 
162 -0.13438743970960632 0.41526655674327084 0.04719627045465269 113 111 104 0.3 94 0 96 0 97 0 99 0 
163 -0.038365392804406095 0.2802609994346196 0.06093974957302262 120 111 105 0.77 94 0 96 0 97 0 99 0 
164 -0.15344942491789526 0.48117190965232004 0.031059831829153506 132 131 125 0.46 94 0 95 0 96 0 97 0 
165 0.456259288707904 -0.5087348230809235 0.14894522645045738 147 139 141 0.29 94 0 96 0 98 0 
166 -0.10478358037961932 0.45368830662389636 0.025216275671355204 138 137 131 0.99 94 0 96 0 97 0 
167 0.009757722121113588 0.20198998530397003 0.060086357155890946 111 106 105 0.42 94 0 95 0 96 0 98 0 
168 -0.304723111258709 0.6792156303351099 0.0046958938642478465 106 109 112 0.52 94 0 95 0 96 0 97 0 
169 -0.5933062082398148 0.42665969403641035 0.11490615368316526 103 114 106 0.7 95 0 96 0 97 0 
170 6.476043329111555 4.614207994503893 -2.185659372458173 135 167 177 0.6 94 0 95 0 96 0 
171 0.9673293336773241 1.4923329076391598 -0.43341941768298164 45 63 82 0.23 94 0 95 0 96 0 
172 0.48249597057984195 1.1840589516306166 -0.2713790214743014 83 84 101 0.26 94 0 95 0 96 0 
173 -0.1809057175560369 0.7754275526093788 -0.05167400061750094 104 110 126 1.16 94 0 95 0 96 0 
174 0.036473303233797605 0.9180349308208625 -0.12896751898668302 92 84 98 0.36 94 0 95 0 96 0 
175 -0.05417952389900593 0.24247557763946412 0.041201727054470894 137 131 127 1.53 94 0 96 0 98 0 
176 -0.3284999464594347 0.692110224957455 -0.01809141492436339 101 106 115 0.91 94 0 95 0 96 0 
177 -0.017784279076575427 0.24791648318702028 0.017546948270877438 152 145 139 0.59 94 0 95 0 96 0 
178 -0.11900590234527852 0.8196312562489153 -0.09274897459290865 61 59 77 0.22 94 0 95 0 96 0 
179 -0.5534104194488427 0.4170488354066152 0.08220700420769123 138 138 124 1.36 94 0 96 0 97 0 
180 0.39927954566205814 -0.438012181183035 0.08285977093382413 142 142 144 0.41 94 0 96 0 98 0 
181 0.29415215416559315 1.0811397573869197 -0.2516023174386992 111 111 119 0.49 94 0 95 0 96 0 
182 0.1892916737387389 -0.16011809546162162 0.04576391218091014 145 140 137 0.61 94 0 96 0 98 0 
183 0.06333687252956155 0.08826559143283083 0.009221709802743616 162 157 150 0.38 94 0 95 0 96 0 98 0 
184 0.45983002943307616 1.1772878512541844 -0.3227452199276568 95 108 125 0.64 94 0 95 0 96 0 
185 -0.5441321612291419 0.48239930309717416 0.04717365749594449 60 85 77 0.66 94 0 95 0 96 0 97 0 
186 0.0481805131215598 0.9227630760316795 -0.1802185069940605 59 84 110 0.28 94 0 95 0 96 0 
187 -0.02477003164315006 0.17248291006201785 -0.017413773191777837 88 90 97 0.27 94 0 95 0 96 0 98 0 
188 0.03034525048576997 0.0821540641695385 -0.012273101212966653 166 159 145 0.72 94 0 96 0 98 0 
189 0.3727157107743957 -0.5230723970818857 0.04294744044080634 210 209 207 0.3 94 0 95 0 96 0 98 0 
190 0.10633382258335233 -0.017621428340221984 -0.01420689622601956 179 169 157 0.78 94 0 95 0 96 0 97 0 98 0 99 0 
191 -0.4531743981529517 0.3100770285915516 0.03748829552650057 125 123 111 1.78 94 0 96 0 97 0 99 0 
192 0.14604290102592676 -0.11054852940872464 -0.009588525135084902 155 144 133 0.94 94 0 95 0 96 0 98 0 
193 -0.14825294131781996 0.8016438367414426 -0.1492048010607192 90 79 76 0.48 94 0 95 0 96 0 
194 0.29612896276166545 1.0772691207251162 -0.3169431613012953 49 37 43 0.51 94 0 95 0 96 0 
195 0.18136364036028718 -0.1635681439232383 -0.012060354458467426 150 144 138 0.42 94 0 95 0 96 0 98 0 
196 -0.316010136876153 0.6923438103810393 -0.08762430244284136 78 91 109 0.36 94 0 95 0 96 0 
197 0.4381051524711568 -0.5198784473503987 0.00034861290239884823 64 79 90 1.37 94 0 95 0 96 0 
198 0.012299134135145273 0.09512364057969833 -0.039080153513220584 151 144 135 0.25 94 0 95 0 96 0 98 0 
199 0.030062351232573725 0.06437357510223349 -0.03821826051143806 131 126 128 0.63 94 0 96 0 98 0 
200 0.20381033952662486 -0.2281283746144537 -0.024098427444541715 159 147 139 2.47 94 0 95 0 96 0 98 0 
201 0.2792159306021893 1.1045627076782056 -0.3414555801574706 47 69 89 3.73 94 0 95 0 96 0 
202 -0.5548838882272249 0.5525600430340928 -0.018397378632540873 47 61 65 0.68 94 0 95 0 96 0 
203 -0.6442703987258267 0.5867987939985467 -0.006695460415589549 109 122 125 0.99 94 0 95 0 96 0 
204 0.009515249491529598 0.07528200174029762 -0.06511439832522226 91 86 87 0.42 94 0 95 0 96 0 98 0 
205 0.0025201486318255917 0.017129095682956258 -0.053379300112204486 66 51 49 0.3 94 0 95 0 96 0 
206 -0.025965936781099597 0.13511965150559888 -0.07616331722979797 148 151 148 1.11 94 0 95 0 96 0 98 0 
207 0.5604296239124973 -0.8061531343812155 -0.024731874440996116 179 163 154 0.67 94 0 95 0 96 0 97 0 98 0 
208 -0.06398573438255051 0.11348605546028909 -0.062161963782044305 140 144 142 2.72 94 0 95 0 96 0 97 0 98 0 99 0 
209 0.14535799203806254 -0.15131470367883018 -0.06268728196767381 36 32 32 1.0 94 0 95 0 96 0 97 0 98 0 99 0 
210 0.16774197764497112 -0.2016189663395032 -0.07175442025154988 115 116 116 0.46 94 0 95 0 96 0 98 0 
211 0.14802984073030334 -0.1284374685154093 -0.08793264390154709 30 26 25 0.32 94 0 96 0 97 0 98 0 
212 0.5561968876760777 -0.8286960734780744 -0.057294641770679 131 112 110 0.45 94 0 95 0 96 0 97 0 98 0 99 0 
213 0.09281517289180297 -0.05430721150591858 -0.10866497630925265 58 56 49 0.83 94 0 96 0 98 0 
214 -0.02697465312136016 0.07810365984787024 -0.10877073014584937 117 114 103 0.64 94 0 96 0 98 0 
215 0.13317375462045744 -0.10317425841564601 -0.11571440674179634 74 55 58 0.16 94 0 96 0 98 0 
216 0.1229416034392572 -0.12864191602865085 -0.1110572101977072 108 103 109 0.98 94 0 96 0 98 0 
217 0.5034253224683685 -0.776836678566474 -0.09353061115839822 155 154 151 0.27 94 0 96 0 97 0 98 0 99 0 
218 0.573490033427434 -0.851653365824624 -0.10297085126255867 113 92 93 1.09 94 0 95 0 96 0 97 0 98 0 99 0 
219 0.0889389759971535 -0.06522990809249699 -0.15203634950756562 125 109 117 0.7 94 0 96 0 98 0 
220 0.10942126814864794 -0.10928979801298214 -0.1508216357335097 127 106 110 0.29 94 0 96 0 98 0 
221 -0.4011161120414295 1.2877958165337706 -0.3665297291919587 29 47 41 0.89 94 0 95 0 96 0 
222 0.27686671147535735 -0.5409027420481731 -0.2688336399203194 130 120 118 0.57 94 0 95 0 96 0 98 0 
223 -0.511933043511541 1.1090290728506351 -0.34810188642896944 71 77 72 0.37 94 0 95 0 96 0 
224 -0.5187970985610186 1.1896784696833247 -0.3767884820625663 42 53 45 0.32 94 0 95 0 96 0 
225 0.25620671500532266 -0.5965811211900459 -0.30492274737534186 72 100 117 0.36 94 0 95 0 96 0 98 0 
226 -0.7332756305056134 0.3505417577373352 -0.12290880906203494 52 70 67 0.59 94 0 95 0 96 0 97 0 
227 0.9030695583653521 -1.7478845308140445 -0.4562036765568376 173 156 161 0.68 94 0 95 0 97 0 98 0 
228 1.0805911876831293 -2.089030845923384 -0.47117576377980885 185 181 201 0.21 94 0 96 0 97 0 
229 -0.5140086611766841 1.2032898463864683 -0.4534117078481831 40 50 46 0.16 94 0 95 0 96 0 
230 -0.6297226481275735 -0.1426647611862392 -0.13100948972752402 78 98 100 2.15 94 0 96 0 97 0 
231 1.1573197438710288 -2.017522274276116 -0.5525404413209997 62 46 45 1.54 94 0 96 0 97 0 99 0 
232 -0.5044098882804975 1.0642156823325541 -0.43507147257321177 54 63 62 3.47 94 0 95 0 96 0 97 0 
233 -0.7858120276570983 0.24728236625986164 -0.1504815695224735 26 32 31 0.5 94 0 95 0 96 0 97 0 
234 -0.5370824135155163 1.0180565669709147 -0.4214527492303879 23 32 21 0.58 94 0 95 0 96 0 97 0 
235 -0.7748098130424208 0.1661654126829671 -0.15078876961520793 69 84 84 0.26 94 0 95 0 96 0 
236 0.6051302143204431 -1.6668140842593995 -0.429071513632707 84 95 105 1.63 94 0 95 0 96 0 97 0 98 0 99 0 
237 0.5432243740562928 -1.871732932624158 -0.3704902049664337 138 158 185 0.19 94 0 96 0 97 0 
238 0.41731713965817585 -1.57530705240895 -0.40027169126643625 57 87 62 0.38 94 0 95 0 96 0 
239 -0.8288883056840608 0.31766823907521446 -0.19347136378485397 28 46 47 0.64 94 0 95 0 96 0 
240 -0.17586128808728985 -0.0597256662731567 -0.48173220134649053 58 49 54 0.88 94 0 96 0 97 0 
241 -0.3288913293639335 -0.12621886617298075 -0.4002623514903695 25 27 32 0.32 94 0 95 0 96 0 97 0 98 0 
242 -0.47086894796902223 -0.20506846218932898 -0.3228421021025426 30 25 26 2.72 94 0 95 0 96 0 
243 -0.18585599558694677 -0.03634371746231549 -0.4996432617666048 50 59 55 0.29 94 0 95 0 96 0 97 0 98 0 
244 -0.48547495985561273 -0.2250571110569434 -0.3156473393064051 14 18 18 0.62 94 0 96 0 97 0 98 0 99 0 
245 -0.47399012945184493 -0.2503681561978778 -0.31711566530141677 14 16 17 0.64 94 0 95 0 96 0 
246 -0.4305582829318353 -0.5398019269797094 -0.29120846358754715 33 47 57 0.24 94 0 95 0 96 0 
247 -0.529508707650264 -0.25045273022077585 -0.29434774093540983 20 25 31 0.34 94 0 95 0 96 0 
248 -0.450685670046842 -0.5492446960479836 -0.28924217336066715 34 46 61 0.54 94 0 95 0 96 0 
249 -0.5505432329501958 -0.26155871460513114 -0.29244786573940573 29 44 56 0.39 94 0 95 0 96 0 98 0 
250 -0.3919537733725429 -0.21136804888600294 -0.38519406683433455 103 108 95 1.73 94 0 96 0 97 0 
251 -0.42604529125733714 -0.6346541646118918 -0.2982396414988565 45 53 52 4.31 94 0 95 0 96 0 97 0 
252 -0.46953091274215764 -0.5605892479596547 -0.28981641845172534 43 61 75 0.3 94 0 95 0 96 0 98 0 
253 -0.006806781702675124 -1.320384279729243 -0.4051903775153548 124 96 104 0.77 94 0 96 0 97 0 98 0 99 0 
254 -0.01888430038500921 -1.379617367892768 -0.3878038264924243 106 106 109 0.36 94 0 95 0 96 0 97 0 98 0 99 0 
255 -0.5675412901392467 -0.27198022796862575 -0.2924269121409452 16 24 31 0.27 94 0 95 0 96 0 
256 -0.06532272236233094 -1.455484798462836 -0.3574941214485816 127 110 134 0.94 94 0 96 0 98 0 
257 -0.48419443081508406 -0.573512819789044 -0.2918630490755918 55 77 87 0.5 94 0 95 0 96 0 97 0 
258 -0.5890198603480328 -0.2823177581730215 -0.2910743596398052 51 58 72 0.45 94 0 96 0 98 0 
259 -0.5178465041919957 -0.5952438276100142 -0.2814865555606285 16 19 22 0.42 94 0 95 0 96 0 97 0 
260 -0.5341610167810633 -0.6045468720603848 -0.270706649997305 32 42 51 0.43 94 0 95 0 96 0 97 0 98 0 
261 -0.551007021213894 -0.6139466933775184 -0.2611924779297047 41 46 58 0.41 94 0 95 0 96 0 97 0 98 0 
262 -0.601196284698609 -0.29631342624411305 -0.2923114931880767 82 111 121 0.34 94 0 95 0 96 0 
263 -0.6234251395831123 -0.3060118860546449 -0.29128778022330215 42 51 67 0.38 94 0 95 0 96 0 
264 -0.6396040339518518 -0.3171864613398595 -0.29240363022690063 20 26 34 0.33 94 0 95 0 96 0 
265 -0.4714161721315637 -0.584813887605433 -0.34040944737539114 82 87 88 0.72 94 0 95 0 96 0 97 0 98 0 
266 -0.7831996324135555 0.9906177686874843 -0.45590965394120253 30 51 46 0.21 94 0 95 0 96 0 
267 -1.1854446317993612 0.5264610935539075 -0.13813403674118097 71 69 99 0.42 94 0 95 0 96 0 
268 -0.6729034897518225 -0.3383806760748599 -0.2816824770413996 16 18 20 0.71 94 0 95 0 96 0 98 0 
269 -0.7842861396659457 0.11425572376645995 -0.3000447000534098 20 36 27 2.05 94 0 96 0 97 0 
270 -0.5317640034204492 -0.6028741853254537 -0.3277819735948161 29 31 34 2.21 94 0 95 0 96 0 97 0 98 0 99 0 
271 -0.7230977303159367 -0.0530798373961531 -0.3186837539981374 62 88 61 1.18 94 0 96 0 97 0 
272 -0.7002114460899143 -0.18218339340695314 -0.3104166270218417 48 73 41 1.81 94 0 96 0 97 0 
273 -0.4909425086256962 -0.5897123944123323 -0.3642480357558321 118 124 117 0.21 94 0 95 0 96 0 
274 -1.1952534897752467 0.5202003562173879 -0.15080240043609683 73 82 111 0.49 94 0 95 0 96 0 
275 -0.5449682795990722 -0.606980494612022 -0.34043536289987975 38 44 49 0.56 94 0 95 0 96 0 97 0 98 0 99 0 
276 -0.7814536055630534 0.9556391033896555 -0.48095590227736906 25 35 31 0.51 94 0 95 0 96 0 
277 -1.2042408974897065 0.536875832636526 -0.15245306581145046 125 65 94 1.48 94 0 95 0 96 0 
278 -0.6534766004862109 -0.3225764454922734 -0.3300297457703526 118 115 113 0.69 94 0 95 0 96 0 
279 -0.8088813388422427 0.09353173353955899 -0.3107023410053168 22 35 21 0.88 94 0 96 0 97 0 99 0 
280 -0.6139403258165683 -0.5008673885654744 -0.3387270367087095 146 140 140 0.97 94 0 95 0 96 0 
281 -0.6239625341845145 -0.5103836702122828 -0.33011777286623256 112 127 122 0.39 94 0 96 0 98 0 
282 -1.2128823314851478 0.534296615264929 -0.16110285057234042 103 36 50 0.73 94 0 95 0 96 0 
283 -0.8131160524656096 0.045426697680698375 -0.31773390729053774 38 56 39 0.49 94 0 95 0 96 0 
284 -0.812875286293862 0.1704287198063613 -0.3391623528384402 30 41 29 0.95 94 0 95 0 96 0 97 0 
285 -1.2231833834999386 0.5675888812926403 -0.16637656693336056 107 61 67 0.31 94 0 95 0 96 0 
286 -1.1927653584273172 0.5060819155517969 -0.1734965572542999 61 92 95 0.39 94 0 95 0 96 0 
287 -0.8167274941457596 0.29647443043983823 -0.36942990676231124 31 40 31 0.68 94 0 95 0 96 0 
288 -0.8004695378923046 -0.012117032374740738 -0.33021291985403145 44 67 40 0.63 94 0 95 0 96 0 97 0 
289 -0.7820205717957096 -0.08747445756908392 -0.3274262400049641 43 62 36 0.41 94 0 96 0 97 0 
290 -0.7123235155811254 -0.45772363808859684 -0.31384191017820695 106 99 110 0.45 94 0 95 0 96 0 
291 -0.696620762305042 -0.30519610312417533 -0.34941819988664646 57 59 55 0.35 94 0 96 0 98 0 
292 -0.7164096455593851 -0.27922326602695124 -0.3440077081129076 43 40 45 0.92 94 0 95 0 96 0 98 0 
293 -0.8432789032692356 0.31298373072458274 -0.36448415098942044 28 31 23 1.09 94 0 95 0 96 0 
294 -0.8419050199399796 0.18432982163993059 -0.34455210367165723 36 47 30 0.47 94 0 96 0 98 0 
295 -0.7446963320292133 -0.3817907670359174 -0.31666805046805213 56 69 70 0.32 94 0 95 0 96 0 98 0 
296 -0.861542576781424 0.39225918792797987 -0.37264125507511225 26 43 32 0.25 94 0 95 0 96 0 97 0 
297 -0.8486715175084791 0.14263187046103085 -0.33838542011347716 39 63 32 0.42 94 0 96 0 97 0 
298 -0.7783039612405651 -0.15950319160002638 -0.33653183534034414 89 82 81 0.44 94 0 95 0 96 0 
299 -0.8069513570478954 -0.4214181278745387 -0.2848350224423586 106 99 116 0.29 94 0 95 0 96 0 
300 -1.235223737975558 0.555416533093617 -0.176197692672875 91 39 44 0.22 94 0 95 0 96 0 
301 -0.7924942056187239 -0.2169331196040393 -0.33035570870279696 72 65 77 0.46 94 0 96 0 97 0 98 0 99 0 
302 -0.881624377476061 0.30538536854158627 -0.3614297673004241 29 43 33 0.6 94 0 95 0 96 0 97 0 
303 -1.2257764705835443 0.5441014291404315 -0.18644181159713802 57 76 96 0.45 94 0 95 0 96 0 
304 -1.2082376773884276 0.5149684360066308 -0.19172445689055118 29 33 29 0.49 94 0 95 0 96 0 
305 -0.8678984216310051 0.32579705056257235 -0.3773553164124709 15 27 17 1.57 94 0 96 0 98 0 
306 -1.2116232880987265 0.529615409706358 -0.1947490884422629 57 24 30 0.54 94 0 95 0 96 0 
307 -0.841723726443306 -0.057633490056872155 -0.33543209696259646 72 66 70 1.09 94 0 95 0 96 0 97 0 99 0 
308 -0.8406639677347298 -0.07887462071945031 -0.3340257824349624 58 54 55 0.36 94 0 96 0 97 0 99 0 
309 -0.8375890969074988 -0.11837139832424862 -0.32985943543082064 74 63 73 0.4 94 0 95 0 96 0 97 0 99 0 
310 -1.3008105983286065 0.591630523282522 -0.1520799175298937 56 69 71 0.39 94 0 95 0 96 0 
311 -0.863693697625485 0.17448487060132697 -0.36328731553625726 61 77 70 1.07 94 0 96 0 97 0 
312 -0.8452031763408678 0.0553816144602671 -0.35525475726971867 55 54 54 0.5 94 0 95 0 96 0 97 0 
313 -0.8444844345105902 -0.15527443111932496 -0.3229335131429216 95 90 104 0.7 94 0 95 0 96 0 98 0 
314 -0.8574138970789478 -0.19490864858411108 -0.3116770172929222 87 79 93 1.43 94 0 95 0 96 0 97 0 98 0 99 0 
315 -0.8453976442424884 -0.0588639087201083 -0.3429341427726109 64 68 86 1.58 94 0 95 0 96 0 97 0 
316 -0.8750780474560567 0.02023942933487985 -0.33926550004764655 68 54 60 1.01 94 0 95 0 96 0 97 0 99 0 
317 -0.8554975652851815 0.14707950376877363 -0.3717870079499469 43 43 44 0.52 94 0 96 0 97 0 
318 -0.8717728873024226 -0.17211694197796437 -0.31039986496174377 115 113 126 0.66 94 0 96 0 97 0 98 0 99 0 
319 -0.8622950366632636 0.13278795143529418 -0.36664438268940136 44 40 41 0.93 94 0 95 0 96 0 97 0 99 0 
320 -0.8763928728773602 0.037793427315586964 -0.34262263709625473 66 58 65 0.54 94 0 95 0 96 0 97 0 
321 -0.8725972553981163 -0.11190853963725447 -0.32419544590041227 60 58 69 3.28 94 0 95 0 96 0 97 0 99 0 
322 -0.8983054739247458 0.02066947146545814 -0.3340310600974833 78 69 78 0.14 94 0 96 0 97 0 
323 -0.8967682049692076 0.34135346194456184 -0.39810186431877626 47 42 41 0.65 94 0 95 0 96 0 97 0 98 0 
324 -0.8960143702204468 0.3596500361809779 -0.40546641022972596 86 80 75 0.79 94 0 95 0 96 0 97 0 98 0 
325 -0.052827811667028435 0.8705351005314129 0.7074892415637972 35 48 38 0.6 95 0 96 0 97 0 98 0 
326 -1.3274327289487107 0.07768115528551109 0.60403004648466 35 47 48 0.18 95 0 96 0 97 0 
327 -0.013763568617772837 0.7215577061584296 0.6058224453135641 155 138 127 0.17 95 0 96 0 97 0 
328 -1.2372755970483218 -0.11694666570110859 0.6587610375654125 65 77 90 0.42 95 0 96 0 97 0 
329 -1.2309450409917075 -0.10768116869210767 0.646519311457046 38 47 54 0.96 95 0 96 0 97 0 
330 -1.302113648974609 -0.05145325362473199 0.6177940061202172 29 31 31 0.85 95 0 96 0 97 0 
331 -1.2765097649491794 -0.14313406445689383 0.6250343237771332 23 30 35 0.11 95 0 96 0 97 0 
332 0.06367822261738487 0.46277638959785306 0.5787716604027666 131 123 116 3.34 95 0 97 0 99 0 
333 -1.2942610810241386 -0.07708206510271945 0.6019081880641857 27 34 33 0.91 95 0 96 0 97 0 
334 -0.5539019376950587 -0.023448836463705686 0.646940853415541 123 138 106 1.16 95 0 96 0 97 0 
335 0.12016570020863515 0.4450203409089938 0.5467129564741697 62 71 82 0.56 95 0 97 0 99 0 
336 0.07188441615572883 0.49228968278337726 0.5255834714332328 131 125 115 0.38 95 0 97 0 99 0 
337 -1.3107416866181025 0.00621185050254755 0.560636346975897 24 26 28 0.47 95 0 96 0 97 0 
338 0.007615655047186198 0.5634653068642138 0.49635517852075206 132 129 125 0.61 95 0 97 0 99 0 
339 0.015656623418605076 0.5454104180429614 0.49521459693116476 150 147 142 2.39 95 0 96 0 97 0 
340 -0.004357559663688448 0.6689967942522689 0.45199213986573206 146 139 134 1.93 95 0 96 0 97 0 
341 0.8343272749616513 1.515930922787484 0.2566308193543412 51 73 102 1.04 95 0 96 0 97 0 
342 -1.3000957775559336 -0.13128669774357685 0.5718388967414794 34 41 45 0.29 95 0 96 0 97 0 
343 -0.0025566217840018446 0.5453343213019021 0.4408866410519119 144 140 133 0.45 95 0 96 0 97 0 99 0 
344 0.8522486259262123 1.4536036423231862 0.2325942721924681 103 103 101 0.19 95 0 96 0 97 0 
345 0.165612239366427 0.30992079014274554 0.48621775951545154 133 124 116 0.1 95 0 97 0 99 0 
346 -1.3078707225684174 -0.14601763772701717 0.5641921716573144 21 22 23 0.27 95 0 96 0 97 0 
347 0.11547041770185507 0.35666858712866756 0.4608440428156544 104 103 107 0.53 95 0 97 0 99 0 
348 -1.2990426666728765 -0.1369486924415985 0.5603083494648002 35 40 40 0.75 95 0 96 0 97 0 
349 -1.3144657121577579 -0.16395031108869165 0.564763036763704 50 59 67 0.69 95 0 96 0 97 0 
350 -0.18456479062899245 0.7808919170790817 0.3491144509675912 153 160 166 0.47 95 0 96 0 97 0 
351 0.8505611477258874 1.4259721269602375 0.20601249394184906 28 27 28 0.51 95 0 96 0 97 0 
352 -0.01251732292988672 0.5346046255023557 0.4073001096867295 108 109 103 0.3 95 0 97 0 99 0 
353 0.04692662419314919 0.4465437185582949 0.42603284776198747 132 132 128 0.75 95 0 97 0 99 0 
354 -0.030951241697850573 0.5642369269809601 0.3974865854305545 146 146 142 0.73 95 0 96 0 97 0 
355 2.288883729659517 3.10708687359677 -0.17795097881480126 208 221 218 1.45 95 0 96 0 97 0 
356 0.01907084806443704 0.4767499639898306 0.41080981448402 140 143 141 0.84 95 0 97 0 99 0 
357 -1.3018933152723542 -0.13911186136624135 0.5527048545932467 22 28 31 0.23 95 0 96 0 97 0 
358 2.537044093595642 3.1950801552334496 -0.21525779372236276 217 248 250 0.5 95 0 96 0 97 0 
359 0.17931830479452993 0.26527422749716745 0.4523476226295864 112 118 122 0.33 95 0 97 0 99 0 
360 0.037056959353518604 0.46330550843798857 0.3969647934938203 107 105 102 0.47 95 0 97 0 99 0 
361 0.23884059739953356 0.18655669438755704 0.4608670977841678 175 177 181 0.66 95 0 97 0 99 0 
362 -1.3247151102933064 -0.1635089804773139 0.5515711099550948 29 36 42 0.21 95 0 96 0 97 0 
363 -0.17813847583045206 0.7610966111535807 0.32177488374486685 143 142 139 0.7 95 0 96 0 97 0 99 0 
364 2.661486796084457 3.28319660641204 -0.28915887095979664 122 144 145 0.63 95 0 96 0 97 0 
365 2.4339979468216235 2.905467649879165 -0.20209743286056048 209 217 226 2.63 95 0 96 0 97 0 
366 -1.0728333774403818 0.2485699294226896 0.4336753818571757 47 67 85 1.12 95 0 96 0 98 0 
367 -1.331344452720626 -0.1688757760456895 0.542224013001174 42 53 64 0.45 95 0 96 0 97 0 
368 -1.3361474604212766 -0.19688417410085615 0.5430816439180828 28 33 35 0.63 95 0 96 0 97 0 
369 2.80788684361659 3.1801074055331124 -0.3623946591082544 175 191 196 0.15 95 0 96 0 97 0 
370 2.678526835796072 3.0569520090765963 -0.33289369766549315 214 227 227 0.96 95 0 96 0 97 0 
371 -1.3248853990199208 -0.15744687664364845 0.5282258569086045 35 41 44 0.61 95 0 96 0 97 0 
372 2.7252858399593953 3.316033303649607 -0.42095262708894043 168 182 178 0.46 95 0 96 0 97 0 98 0 
373 2.9011568147613715 3.063147628717857 -0.37044772106251933 227 233 247 0.46 95 0 96 0 97 0 
374 -1.3368977415083036 -0.09722377913886363 0.5101701630338633 29 34 37 0.33 95 0 96 0 97 0 
375 0.9239626193851505 -0.8340534810629607 0.5997098054576093 70 75 76 0.64 95 0 97 0 98 0 99 0 
376 1.2877802051615233 -1.3784962029244872 0.7194688330586596 108 89 83 0.67 95 0 97 0 98 0 
377 1.3477190566046238 -1.4636560522304936 0.721030556233289 66 82 98 0.5 95 0 97 0 99 0 
378 0.22570024353328977 0.16240014368897757 0.36571160548958703 124 138 139 0.95 95 0 97 0 99 0 
379 -1.3306717536398023 -0.15877593541118565 0.5157653155453013 50 61 68 0.32 95 0 96 0 97 0 
380 -0.08428343457550769 0.5634457565284045 0.2825223937706416 89 91 88 0.95 95 0 97 0 99 0 
381 0.1625499197619722 0.19368636043525553 0.3578121972599939 139 127 117 0.33 95 0 97 0 98 0 99 0 
382 -1.343415329809138 -0.10529213934208839 0.49879804860621446 37 44 53 0.55 95 0 96 0 97 0 98 0 
383 2.533047201725398 3.1965306275063963 -0.4789920776412536 146 189 204 0.16 95 0 96 0 97 0 
384 0.3400854074193784 0.07782693874375055 0.36050766449148886 149 168 177 2.17 95 0 97 0 99 0 
385 -1.3412697566336544 -0.13734543190597961 0.505021393662114 39 51 59 0.49 95 0 96 0 97 0 
386 -0.18463498475808748 0.6892680825085186 0.24204415937684676 130 130 126 0.58 95 0 96 0 97 0 99 0 
387 0.8725947326962447 -0.7961991218780952 0.5384685295373686 228 238 246 0.54 95 0 97 0 98 0 
388 0.9141331208855696 -0.8519679286374571 0.5379733838179326 150 165 179 0.47 95 0 97 0 98 0 99 0 
389 0.1897519510263055 0.15258898777701932 0.3268970458034419 164 172 183 0.81 95 0 97 0 98 0 99 0 
390 0.9051836257625925 -0.8944930025880876 0.5341069168741881 106 115 119 0.26 95 0 97 0 98 0 99 0 
391 -0.19123549422332387 0.6374412842792231 0.23296828444919826 158 155 149 1.26 95 0 96 0 97 0 
392 0.25727189785284477 0.1116707823895989 0.32397283717265357 125 138 155 0.47 95 0 97 0 98 0 99 0 
393 0.10825340169093023 0.24950400567296946 0.29730890680036093 147 145 142 0.39 95 0 97 0 98 0 
394 -0.20851284141756832 0.6599519689449057 0.22040513137080375 118 117 114 1.13 95 0 97 0 99 0 
395 0.29530554974270284 0.059704808399270476 0.32511656378554155 151 171 189 0.6 95 0 97 0 98 0 99 0 
396 -0.22933957722468 0.7224242662032606 0.20433813893832298 128 120 118 0.16 95 0 96 0 97 0 
397 0.08715609949409853 0.2181562964555913 0.30027889499939064 141 130 127 0.48 95 0 97 0 98 0 
398 2.536823472776007 3.0630587738428914 -0.5462215027757912 228 229 232 0.36 95 0 96 0 97 0 
399 0.8583236505918466 -0.7654585892875818 0.4711697594033708 165 200 221 0.44 95 0 96 0 97 0 98 0 99 0 
400 -0.18612380644430404 0.6893898918392746 0.2004484075574291 155 151 145 0.98 95 0 96 0 97 0 
401 0.1430886830528446 0.1878514701651078 0.2885093608681606 162 159 154 0.65 95 0 97 0 98 0 
402 0.17795967887400455 0.14555435827112392 0.2997261683298802 169 188 196 0.41 95 0 97 0 98 0 
403 2.4331134571125594 3.0787453492321695 -0.5633386930684062 224 213 190 0.52 95 0 96 0 97 0 
404 0.8697934128750646 -0.8161357884584287 0.4726748474465543 202 231 245 0.36 95 0 97 0 99 0 
405 0.20800495510126016 0.11327350829979718 0.2982644537955865 110 142 153 1.03 95 0 97 0 98 0 
406 -0.14230712332652606 0.5748293743533336 0.21464534095743826 97 96 99 0.37 95 0 96 0 97 0 99 0 
407 0.9107045638837459 -0.8719355592182507 0.4737165312350502 178 198 218 0.21 95 0 97 0 98 0 99 0 
408 2.5376044476173605 3.0140476319145937 -0.5746632317517713 142 198 212 0.16 95 0 96 0 97 0 
409 2.5787786473993175 2.982190564980958 -0.5794160442203955 177 191 192 0.79 95 0 96 0 97 0 
410 0.28322459043055925 0.051268588704129175 0.2949207900602082 178 194 206 0.46 95 0 97 0 98 0 99 0 
411 0.33825826642610046 0.011860937760283269 0.2907797119866793 73 104 114 1.03 95 0 97 0 98 0 99 0 
412 0.8985764482292979 -0.9536568261700452 0.4739846865053956 155 162 168 0.13 95 0 97 0 98 0 
413 0.8687804381556323 -1.141969995690545 0.5134469253951717 185 196 194 4.2 95 0 97 0 99 0 
414 0.2352811178632419 0.0981946433625672 0.2617798200528183 202 213 221 0.45 95 0 97 0 98 0 99 0 
415 -1.3912148157751028 -0.19093387445237645 0.48569175578313417 80 99 99 0.27 95 0 96 0 97 0 
416 0.7272149749382493 -0.7351251867535237 0.4041225999823348 167 187 205 0.67 95 0 96 0 97 0 98 0 99 0 
417 -0.1975057928042907 0.572395306133794 0.18313400966934457 140 134 130 1.63 95 0 96 0 97 0 
418 0.26546174805405 0.04279319081390462 0.26115933087528553 192 208 219 0.41 95 0 97 0 98 0 99 0 
419 0.2710456233020122 -0.05173240196408449 0.27856610463268106 110 112 110 0.58 95 0 96 0 97 0 98 0 99 0 
420 0.30217944150372045 -0.00746098522856245 0.2611435237954647 134 152 166 0.24 95 0 97 0 98 0 99 0 
421 -0.08174064080760512 0.518181461377171 0.17268127012345458 119 116 112 1.74 95 0 96 0 97 0 99 0 
422 0.8953179438546353 -0.8987331373783148 0.40402082185196986 124 140 169 0.66 95 0 97 0 98 0 99 0 
423 -0.24026909086235593 0.6774001678840463 0.14768740333014163 95 95 99 1.03 95 0 96 0 97 0 99 0 
424 -0.15395214491632014 0.5757126141470573 0.16168045303583312 113 104 99 2.72 95 0 96 0 97 0 99 0 
425 0.28715913180456587 -0.029740222853724158 0.25455234031421936 103 99 114 0.35 95 0 97 0 99 0 
426 -1.3687389479430943 -0.15799479494389726 0.46502428389928174 38 43 44 0.38 95 0 96 0 97 0 
427 2.9322991348471334 -2.809146939513605 0.5970703257820058 43 50 55 0.42 95 0 96 0 97 0 
428 0.25377764786607315 -0.05680092060642564 0.24949221705001445 73 68 70 0.2 95 0 97 0 98 0 99 0 
429 0.14262949459534413 0.9851453679913585 0.015798090179597324 41 43 47 0.36 95 0 96 0 97 0 
430 -0.15627664840994582 0.568090356523378 0.1481960393037134 139 135 133 1.41 95 0 96 0 97 0 
431 0.1567523130060131 0.07593418379234426 0.22395215993390782 50 45 44 0.55 95 0 97 0 98 0 99 0 
432 0.9129346631279929 -1.0330168023498683 0.39246989493161366 160 167 174 0.08 95 0 97 0 98 0 
433 -0.17397372070703332 0.5866782827619991 0.13581361893153487 119 117 112 2.74 95 0 96 0 97 0 99 0 
434 0.9654346574266517 -1.1003758460130562 0.3878071176602427 134 140 152 0.22 95 0 97 0 98 0 99 0 
435 -0.20520841852833716 0.6206992008030451 0.1221902835954336 123 116 109 0.35 95 0 96 0 97 0 99 0 
436 0.2560934366389782 -0.0756579338803213 0.22532124638323392 116 108 97 0.26 95 0 97 0 98 0 99 0 
437 -0.2682485252756224 0.6952175135658659 0.10975512035681056 90 93 96 0.35 95 0 97 0 99 0 
438 -1.3711390662994112 -0.1669205312074548 0.4547499764708789 47 51 51 0.35 95 0 96 0 97 0 
439 -0.12462042472192181 0.4862161253031524 0.13845577066430415 105 102 98 0.56 95 0 97 0 99 0 
440 0.34247606348909976 -0.21514742991219263 0.2426785957599309 167 161 160 0.61 95 0 96 0 98 0 
441 0.15355890930930371 0.06504581757223579 0.1964808932944173 137 126 116 0.2 95 0 97 0 98 0 99 0 
442 0.7936756708706707 -0.7964796240599653 0.30311204142388193 167 195 206 0.67 95 0 96 0 98 0 
443 -1.3917004320335318 -0.1794788068375083 0.45414694684476875 19 20 20 0.81 95 0 96 0 97 0 
444 0.9071466471407166 -1.0659205597515082 0.33327348773033116 188 186 187 0.19 95 0 97 0 98 0 
445 0.9360009777787506 -1.122686822436653 0.33515377661023327 158 162 165 0.5 95 0 97 0 98 0 99 0 
446 0.07926662461018008 0.16484971128008227 0.15403577968712456 144 134 122 0.2 95 0 96 0 98 0 
447 8.16799337639441 6.453525172934506 -2.5040258018028654 139 195 212 0.36 95 0 96 0 97 0 
448 -0.22628667997423513 0.6553091496975927 0.07976634188065534 135 134 132 0.64 95 0 96 0 97 0 
449 -1.1493383464431028 0.049159389087663014 0.3565570963077931 29 36 37 0.98 95 0 96 0 97 0 
450 0.812042716249223 -0.9506221153781216 0.2964290967182026 130 143 145 0.27 95 0 97 0 98 0 99 0 
451 0.8408394593847268 -0.9099790400930832 0.2712486723236238 160 179 199 0.54 95 0 97 0 98 0 99 0 
452 0.11881818245408038 0.05650244408601787 0.1546809610201363 88 83 80 0.39 95 0 97 0 99 0 
453 0.056930359792076946 0.18591827303405214 0.1264687338505892 175 172 163 0.3 95 0 96 0 98 0 
454 8.044955521489598 6.35912284568193 -2.568647002888521 104 118 139 0.36 95 0 96 0 97 0 
455 -0.13937535434004777 0.47540229764675657 0.084073861350203 120 117 114 0.66 95 0 96 0 97 0 99 0 
456 -0.07235006943847866 0.35483490797507933 0.09698107657257338 110 107 107 0.51 95 0 96 0 97 0 99 0 
457 0.10621957403248805 0.08975137027580579 0.12593091634761322 154 150 145 0.42 95 0 96 0 98 0 
458 -1.1576301149970107 0.03036584400861328 0.3472798928653862 40 47 48 0.42 95 0 96 0 97 0 
459 -0.22706883745206197 0.5874372161929978 0.06014275424705251 148 145 140 0.48 95 0 96 0 97 0 
460 0.8013864036957983 -0.9773647029814857 0.2354293920336532 92 96 99 0.27 95 0 97 0 98 0 99 0 
461 -0.11450251874231254 0.4130590700241573 0.061992125748263405 149 149 144 0.4 95 0 96 0 97 0 
462 -0.05401715566909848 0.2929670445697691 0.06257199131065372 157 151 142 0.64 95 0 96 0 97 0 
463 0.4749758021318462 -0.4938659212895046 0.14496173055342876 208 200 191 0.19 95 0 96 0 98 0 
464 -0.05293939670960057 0.3107020039853502 0.047050736218456235 132 130 123 0.4 95 0 96 0 97 0 99 0 
465 -0.3097921707766118 0.6470671717780764 0.009511566667984583 132 123 119 0.52 95 0 96 0 97 0 
466 6.313033170446785 5.0635886833470485 -2.3320665629442523 101 99 109 0.2 95 0 96 0 97 0 
467 -0.5916654603258995 0.4603610159230672 0.09438352389911575 85 110 106 0.33 95 0 96 0 97 0 
468 -0.031232376062585665 0.21418109903277802 0.037731710903074145 144 134 124 1.0 95 0 96 0 98 0 
469 0.07869006805428747 0.07819372627910912 0.03691957467112772 147 136 124 0.58 95 0 96 0 98 0 
470 0.12060199847413156 -0.0628765179338239 0.0584342162152407 174 166 159 1.71 95 0 96 0 98 0 
471 -1.38674266351908 -0.10141973062137502 0.38016866626868184 48 66 73 1.57 95 0 96 0 97 0 98 0 
472 0.07724493440538671 0.05378498170869092 0.022729958150147667 165 155 148 0.4 95 0 96 0 98 0 
473 0.40217177538959814 -0.43812896333661544 0.058773483681232364 142 139 138 1.89 95 0 96 0 98 0 
474 -0.51179344725684 0.3684314176720741 0.07074640611700622 51 74 66 0.9 95 0 96 0 97 0 
475 1.1256220602298057 -1.6021701787703813 0.14269339996257346 205 191 188 0.45 95 0 97 0 99 0 
476 0.19102428087835088 -0.16785826803050866 0.009526316918201161 153 149 155 0.61 95 0 96 0 98 0 
477 0.3475301525474441 -0.4742520455062268 0.04365326666691116 199 209 215 0.4 95 0 96 0 98 0 
478 -1.3833168376307152 -0.09661975131195746 0.3607432770773398 97 102 101 0.29 95 0 96 0 97 0 
479 -0.12058041334605951 0.26822581821202285 -0.018892041858648678 136 132 125 1.39 95 0 96 0 97 0 99 0 
480 -0.004697005473432991 0.14639720599375713 -0.019653502992946326 111 109 115 0.3 95 0 96 0 98 0 
481 0.46639059571298436 -0.6138915329284661 0.03182196184059927 139 136 138 0.65 95 0 96 0 98 0 
482 -1.3742698494212768 -0.14506008543601415 0.36653280813149824 37 47 52 0.39 95 0 96 0 97 0 98 0 
483 -1.3842163535384047 -0.1680089932481689 0.37320917276672794 40 41 42 0.37 95 0 96 0 97 0 
484 0.5263337720345038 -0.7074101683811197 0.029443346248503977 165 161 162 0.53 95 0 96 0 97 0 98 0 
485 -1.3759338761246158 -0.15212638015755844 0.36478978159263487 92 98 101 0.13 95 0 96 0 97 0 
486 -0.06369112422288659 0.21998808149083335 -0.044230723982402465 150 150 148 0.79 95 0 96 0 98 0 
487 0.5539177409249207 -0.7612862620765549 0.019178323396109587 185 174 170 0.73 95 0 96 0 97 0 98 0 
488 0.6159351530988242 -0.8509283889808371 0.016771810136896104 147 139 147 0.34 95 0 97 0 98 0 99 0 
489 -1.382005410957802 -0.15773352883561512 0.36084432207978834 59 63 66 0.66 95 0 96 0 97 0 98 0 
490 1.078760679772615 -1.61435944717614 0.06371251308490589 167 152 152 0.39 95 0 97 0 99 0 
491 -0.34735029558558406 0.27898371344329254 0.0030704157676313404 152 146 136 0.84 95 0 96 0 97 0 
492 -0.41163138005997624 0.3204001032352969 -0.0028422023145626696 106 113 107 0.38 95 0 97 0 99 0 
493 -1.3896072717592811 -0.17074966628463698 0.3571301307572903 44 48 48 0.32 95 0 96 0 97 0 
494 0.08630507824516531 -0.01112980979415959 -0.06939875219698521 97 81 80 0.53 95 0 96 0 98 0 
495 0.08614334699048065 -0.027257655601224423 -0.0677424976982206 59 55 55 0.98 95 0 96 0 97 0 98 0 99 0 
496 -0.08512704444879571 0.1629864187513231 -0.07054737740185124 108 107 103 1.78 95 0 96 0 97 0 99 0 
497 0.2175406104837001 -0.28556107238973305 -0.06036818933699162 182 178 173 0.41 95 0 96 0 98 0 
498 0.15531122378461815 -0.22803906092644768 -0.06365438526164224 117 127 134 0.14 95 0 96 0 98 0 
499 0.6350295795964076 -0.9238880503700967 -0.06623475952416702 36 27 27 0.63 95 0 96 0 97 0 98 0 99 0 
500 0.5210744849853066 -0.7721773798498704 -0.06654961520060754 178 177 177 0.55 95 0 96 0 97 0 98 0 99 0 
501 0.6093450760721069 -0.9055512583282354 -0.10429270941464663 63 47 53 0.22 95 0 97 0 98 0 99 0 
502 0.6631722282313763 -0.9680996917002868 -0.10852178140997171 84 64 71 0.46 95 0 97 0 98 0 99 0 
503 -1.3927031317313037 -0.17202659704183923 0.33074185989118443 56 58 58 0.4 95 0 96 0 97 0 
504 -1.4121296785553645 -0.18330277994144453 0.33119303408615997 29 29 29 0.25 95 0 96 0 97 0 
505 0.6027634278115281 -0.9202164344394103 -0.14406847404615952 118 97 108 0.53 95 0 97 0 98 0 99 0 
506 0.6406723615016559 -0.9733646723903507 -0.14233965042668295 133 123 132 0.36 95 0 97 0 98 0 99 0 
507 -1.4077763386655557 -0.1777875474077534 0.3257401727355804 48 57 61 0.47 95 0 96 0 97 0 
508 -1.4232760857323181 -0.18849101290948603 0.33297961694923583 26 28 29 0.55 95 0 96 0 98 0 
509 0.5313562932516298 -0.8493019566697713 -0.13598734134171853 133 109 113 0.7 95 0 97 0 98 0 99 0 
510 0.6637189786931128 -1.0279301533381937 -0.14126864079557078 117 96 104 0.27 95 0 97 0 98 0 99 0 
511 0.6687591927720404 -1.074287861168644 -0.13455744243184897 60 63 67 0.6 95 0 97 0 98 0 99 0 
512 0.6532148266828286 -1.1089559274327234 -0.14829347610006605 188 179 174 0.35 95 0 97 0 98 0 
513 0.44240042001772606 -0.7277140748201445 -0.1717889095449543 170 164 162 0.48 95 0 97 0 98 0 
514 0.5647681579147685 -0.8735229071910894 -0.1831293860602392 125 102 104 0.49 95 0 97 0 98 0 99 0 
515 0.5876774631564188 -0.9246999439944675 -0.17951299748141314 82 61 69 0.4 95 0 97 0 98 0 
516 0.6306017808153419 -0.9839192279856213 -0.18146555811746112 94 66 75 0.23 95 0 97 0 98 0 99 0 
517 0.6542332133181818 -1.0357026622644072 -0.17870936643843516 70 55 62 0.52 95 0 97 0 98 0 99 0 
518 0.4991129612862013 -0.8139490195760926 -0.17645410062022981 177 178 174 0.72 95 0 97 0 99 0 
519 0.6994436036238141 -1.1839696240178375 -0.18988025826522636 189 177 168 0.18 95 0 97 0 98 0 
520 0.27215023685916817 -0.4947834978724205 -0.2072040756709841 139 137 137 0.57 95 0 96 0 98 0 
521 0.5275833034454966 -0.8777220790138337 -0.22529903240895144 119 93 99 1.09 95 0 97 0 98 0 99 0 
522 0.5677356939504763 -0.9376123161496708 -0.22535827856240487 95 77 89 0.29 95 0 97 0 98 0 99 0 
523 0.6013210212193603 -0.9910228087177951 -0.2261330725106161 119 104 117 0.45 95 0 97 0 98 0 99 0 
524 0.6274451884336383 -1.044842291637072 -0.2242295894375188 115 95 107 0.36 95 0 97 0 98 0 99 0 
525 0.09217932992877564 -0.1652976271440522 -0.2350772711049287 72 54 57 0.38 95 0 96 0 98 0 
526 0.6197487414961831 -1.054013552965601 -0.26184057830503704 79 62 67 0.25 95 0 97 0 99 0 
527 -0.5969718567127682 0.08322469562943921 -0.06108602763564375 45 60 60 3.79 95 0 96 0 97 0 
528 0.41293404137304845 -0.7358656064547598 -0.257613899925935 186 180 174 0.54 95 0 97 0 98 0 
529 0.5289471863530215 -0.8958441438508314 -0.2672705557355549 87 60 66 0.66 95 0 97 0 98 0 99 0 
530 0.5653637942300445 -0.9495636517222815 -0.26773449154166873 72 57 63 0.44 95 0 97 0 98 0 99 0 
531 0.07135569763022565 -0.13982107969465932 -0.2699050921134103 83 57 60 0.66 95 0 96 0 98 0 
532 -1.3429235838476496 -0.15311263399859945 0.25565734755877934 55 63 64 0.46 95 0 96 0 97 0 
533 0.07282614156444023 -0.16995570696331866 -0.2655690038441416 65 46 49 0.5 95 0 96 0 98 0 
534 0.18499389318017467 -0.4206785219289352 -0.26719178505363617 167 153 148 1.01 95 0 96 0 98 0 
535 0.4656376363292756 -0.8742111611057023 -0.2764199232447643 134 108 109 0.52 95 0 97 0 98 0 99 0 
536 0.6077264331871328 -1.05588422796896 -0.2935616183983991 229 227 233 0.37 95 0 97 0 98 0 99 0 
537 -1.4168934782474785 -0.1897024594358622 0.2828880143988468 35 38 42 2.89 95 0 96 0 97 0 
538 -0.47805389414727895 1.0967782985184222 -0.36013880016084654 22 44 45 0.91 95 0 97 0 98 0 
539 0.2457022380994247 -0.6004810676527462 -0.2753168196930783 186 204 220 0.37 95 0 96 0 98 0 
540 0.6062638187187086 -1.073459868632208 -0.3247468776649364 119 93 106 0.29 95 0 97 0 98 0 99 0 
541 0.5523695089563514 -0.9646376073582923 -0.3275792487591199 139 113 131 0.47 95 0 97 0 98 0 
542 0.5439404828684515 -0.9866048901614235 -0.3205003960007077 87 60 65 1.27 95 0 97 0 98 0 99 0 
543 0.47111122720992205 -0.8929551577793554 -0.3143938592282186 151 130 135 0.35 95 0 97 0 98 0 
544 0.6207653365268664 -1.169048011879119 -0.32859197692908815 168 160 154 1.31 95 0 97 0 98 0 99 0 
545 -0.7458862086497251 0.7359845951167291 -0.19327486350752676 46 58 58 1.07 95 0 96 0 97 0 98 0 
546 0.5870575081143055 -1.1196517220493463 -0.3299952300546556 119 128 129 0.33 95 0 97 0 98 0 99 0 
547 -1.3649647755196548 -0.16689172053721749 0.2461111924600543 32 33 35 0.3 95 0 96 0 97 0 
548 0.9247388079349843 -1.6873075538754805 -0.3590956352421455 134 132 139 0.36 95 0 97 0 98 0 99 0 
549 -1.4187307104576745 -0.18543342730010562 0.2674753614984473 48 53 57 0.32 95 0 96 0 97 0 
550 0.5405363289045275 -1.0132283974630072 -0.38752873976479196 89 92 107 0.83 95 0 97 0 98 0 99 0 
551 -1.3795473769064048 -0.1789493867902742 0.23977095985828334 75 83 90 0.23 95 0 96 0 97 0 
552 0.13045058345213523 -0.3506561273820977 -0.35616999011466965 108 106 113 2.0 95 0 96 0 98 0 
553 0.024728648055399205 -0.24696812017564054 -0.3321380905285368 85 75 83 0.43 95 0 96 0 98 0 
554 0.1634154698488035 -0.6251810315549183 -0.3142286418479088 133 131 143 0.87 95 0 96 0 98 0 
555 0.4382577233024516 -0.9026103126515906 -0.37109127454234003 114 89 92 0.56 95 0 97 0 98 0 99 0 
556 0.5132407942347232 -0.9765910710561306 -0.39188394693085227 67 56 60 0.48 95 0 97 0 98 0 99 0 
557 1.1121328243330746 -1.9812369258501963 -0.497868965874781 149 157 169 1.85 95 0 97 0 98 0 
558 0.07022594585576902 -0.674581344446202 -0.3245204394100403 89 79 81 1.15 95 0 96 0 97 0 98 0 99 0 
559 0.876965434637758 -1.7527903190574141 -0.4922700732242966 101 59 60 0.4 95 0 97 0 98 0 99 0 
560 0.7914657268404672 -1.6147438177951081 -0.48633908622681166 143 126 124 0.67 95 0 97 0 98 0 99 0 
561 -0.05925616342333884 -0.9492045825935416 -0.23626451670517978 181 187 205 1.59 95 0 97 0 98 0 99 0 
562 -0.010180055204142224 -0.998804937718223 -0.25080294054712415 153 152 168 1.21 95 0 97 0 98 0 99 0 
563 -1.4515465949492494 -0.22221864941711625 0.2510754338482126 24 29 29 0.59 95 0 96 0 97 0 
564 -0.05275446822154439 -0.9368841393860654 -0.24556996194637692 188 194 208 1.34 95 0 97 0 99 0 
565 0.6842837974865574 -1.6835433129226574 -0.46708539860389486 67 52 56 1.96 95 0 97 0 99 0 
566 -0.8616170531841782 0.4184897868001708 -0.1661347626432086 15 26 23 0.56 95 0 96 0 97 0 98 0 
567 0.7383793719777378 -1.5693162281893953 -0.5218789610214992 112 115 106 0.33 95 0 97 0 99 0 
568 -0.10030633660290933 -0.8847004756479726 -0.26568118835209853 137 96 119 0.5 95 0 97 0 98 0 99 0 
569 0.01584147008656922 -0.6747110622665081 -0.365707792527619 46 66 73 0.43 95 0 96 0 97 0 
570 -0.1389228375236624 -0.8111725329344301 -0.2696413211010461 101 103 117 0.55 95 0 97 0 99 0 
571 -0.1854285528830144 -0.8155541763036104 -0.2743018648956618 135 91 109 1.5 95 0 97 0 98 0 99 0 
572 -0.03741366121474421 -0.9894173509673582 -0.3211216115272112 177 184 203 0.53 95 0 97 0 98 0 99 0 
573 -0.2739470428777042 -0.7472193153382849 -0.2586421790527641 135 95 117 0.98 95 0 97 0 98 0 99 0 
574 0.2951915490354122 -1.5614201184186973 -0.3886518564093203 68 108 69 0.32 95 0 96 0 97 0 
575 -0.1240984697044567 -0.8940886037895924 -0.31316150532207454 135 64 87 0.26 95 0 97 0 98 0 99 0 
576 -0.8460058106841344 0.3364843452990559 -0.19957153847465126 35 50 45 0.44 95 0 96 0 97 0 
577 -0.2860495118529296 -0.7244156807618037 -0.2853058331702507 55 58 63 0.63 95 0 97 0 98 0 99 0 
578 -0.15198184978012907 -0.22746106887574827 -0.4526440876472544 53 59 63 2.73 95 0 96 0 97 0 
579 0.23016296511555678 -1.4091033649186298 -0.4430364400105017 65 83 57 0.4 95 0 97 0 98 0 
580 -0.039181870729461554 -1.0495692068056537 -0.37255141522338897 164 168 174 0.91 95 0 97 0 98 0 99 0 
581 -0.09001891212802482 -1.0291638023171268 -0.3864305771113823 126 143 139 0.62 95 0 97 0 99 0 
582 -0.1887906108960915 -0.044096519892928204 -0.5248484052936615 66 94 66 0.59 95 0 96 0 97 0 98 0 
583 -0.2472245892767635 -0.8493223088643067 -0.35261070197260325 177 184 188 0.39 95 0 97 0 98 0 
584 -0.007948797005943753 -1.3580085219540534 -0.3945369258104351 98 101 91 0.26 95 0 96 0 97 0 98 0 
585 -0.5050776730495348 -0.581015974022563 -0.2867668096270344 32 44 41 0.36 95 0 96 0 97 0 98 0 
586 -0.11199733923634758 -1.1829281111281622 -0.3958694500957447 161 152 158 1.79 95 0 97 0 98 0 99 0 
587 -0.43017678315532537 -0.5636194318788768 -0.34210481128961123 61 82 58 0.26 95 0 96 0 98 0 
588 -0.19988537577783116 -1.0530912321113552 -0.39208422345426897 110 107 108 0.71 95 0 97 0 98 0 
589 -0.42683479708310257 -0.5465892557441241 -0.3650141744844322 71 73 83 0.35 95 0 96 0 98 0 
590 -0.7376768280974169 0.09366521172016559 -0.319579903277036 16 25 19 0.47 95 0 97 0 99 0 
591 -0.7428103486269362 0.3554187545344768 -0.37402935493703593 13 21 17 1.79 95 0 96 0 97 0 
592 -0.33938751790969857 -0.8458594843733749 -0.39091462941612853 108 104 106 2.32 95 0 97 0 98 0 
593 -0.7969690731111925 0.20075001057896466 -0.3304934656029629 13 23 16 1.61 95 0 96 0 97 0 
594 -0.804483548909118 0.17303198645243442 -0.331112000813941 23 35 24 0.31 95 0 96 0 97 0 
595 -0.54162144831689 -0.4990076786615463 -0.36769885674487746 72 68 68 0.14 95 0 96 0 98 0 
596 -0.5908607582283909 -0.6390617982197592 -0.3171339047436438 37 41 44 0.45 95 0 97 0 98 0 99 0 
597 -0.8021556432324837 0.2317027333125504 -0.35679194320236984 53 61 51 0.78 95 0 96 0 97 0 98 0 99 0 
598 -0.8186435473988154 0.10754907234181674 -0.3200714379743055 31 44 27 0.93 95 0 96 0 97 0 
599 -0.6197359739718791 -0.4015700127923776 -0.3552110086254705 65 56 59 2.03 95 0 96 0 98 0 
600 -0.8281708975967139 0.34170636648977315 -0.3670561256749777 17 22 14 0.52 95 0 96 0 97 0 98 0 
601 -0.8113712046548556 0.4515852255577394 -0.40284172917131467 17 27 18 0.5 95 0 96 0 97 0 
602 -0.8239977468159227 0.20128372532161118 -0.3451106676980391 28 33 24 0.66 95 0 96 0 97 0 
603 -0.7335239769606585 -0.17115377274784485 -0.3372888417858205 73 83 68 0.67 95 0 96 0 97 0 98 0 99 0 
604 -0.8505870565400042 0.2788817803734668 -0.3498393728156193 34 41 30 0.73 95 0 96 0 97 0 98 0 
605 -0.7110196451945585 -0.7209170422062822 -0.25565079007713665 102 91 108 0.23 95 0 97 0 98 0 
606 -0.7377163970012748 -0.37838761353059625 -0.30312279239180506 35 32 38 0.57 95 0 96 0 98 0 
607 -0.8419420288540493 0.34551179319645076 -0.37553993479060466 20 26 18 0.96 95 0 96 0 97 0 98 0 
608 -0.838271453605206 0.3254632873417188 -0.37528465665929556 34 38 29 0.74 95 0 96 0 97 0 
609 -0.8210064005023381 -0.02226310635047271 -0.3246429825789333 96 104 73 0.79 95 0 96 0 97 0 
610 -0.6981763932256366 -0.35260745212647093 -0.34185644671300597 75 78 90 0.48 95 0 96 0 98 0 
611 -0.8538929731203413 0.7006073849192621 -0.45618417473619877 17 35 24 1.5 95 0 97 0 98 0 
612 -0.7884098298961155 -0.12209521886551813 -0.3385061898649939 84 86 79 1.84 95 0 96 0 97 0 99 0 
613 -0.7586354900579217 -0.4760829604610576 -0.2960344167720751 77 77 94 0.7 95 0 96 0 98 0 
614 -0.8002457032565191 -0.08032146662354603 -0.34429279554496517 88 88 84 0.52 95 0 96 0 97 0 
615 -0.7897094425342339 -0.180523254053678 -0.33708143812671865 112 99 112 0.8 95 0 96 0 97 0 
616 -0.787244491942134 -0.3414567830989198 -0.30984698109070385 105 88 99 0.42 95 0 96 0 98 0 
617 -0.8227293895603212 -0.01969633784793237 -0.3458202314505081 55 56 57 0.37 95 0 96 0 97 0 
618 -0.828185621712858 -0.1564239023778348 -0.32320988705427867 97 85 98 0.71 95 0 96 0 97 0 
619 -0.8394316448915222 -0.04066603234803648 -0.34064070954349346 75 66 76 0.64 95 0 96 0 97 0 99 0 
620 -0.8678696521493814 0.0961862060843238 -0.35687424747718155 74 65 68 0.31 95 0 96 0 97 0 
621 -0.8802813547600876 0.23400088372461622 -0.3797501665747056 43 42 43 0.81 95 0 96 0 97 0 98 0 99 0 
622 -0.8792152923524443 -0.018021543369690557 -0.33254772871732186 57 47 52 0.52 95 0 96 0 97 0 99 0 
623 -0.8720356772735198 0.2084388754506906 -0.38341627363633835 52 56 52 1.24 95 0 97 0 98 0 
624 -0.9064170327855217 0.2702511175961394 -0.3721436098639097 40 40 40 0.81 95 0 96 0 97 0 98 0 
625 -0.8794447674998449 -0.09375702501253538 -0.3229355182877637 68 65 76 0.36 95 0 96 0 97 0 
626 -0.9066916063140842 0.37333623223577883 -0.40087036947579613 38 42 42 0.32 95 0 96 0 97 0 98 0 
627 -0.9413720424659209 0.13528570716480712 -0.3359893030577721 119 102 99 0.31 97 0 98 0 99 0 
628 -0.9000866589368495 0.2270845536870408 -0.38702455846306194 86 72 75 2.99 95 0 97 0 98 0 
629 -1.3015006811334326 -0.05781741756473627 0.6162103947327195 23 25 24 0.5 96 0 97 0 98 0 
630 -1.4291260241635828 -0.24926988641123118 0.5979796650868587 32 40 45 1.0 96 0 97 0 98 0 
631 -1.4119144036201408 -0.21982754016886932 0.5383881642944026 43 51 53 1.18 96 0 97 0 98 0 
632 -1.3460050893363316 -0.11178844003772218 0.5151326268238452 36 40 44 0.26 96 0 97 0 98 0 
633 -1.418065845221817 -0.24302865140028876 0.5340444353537128 42 47 52 0.39 96 0 97 0 98 0 
634 -1.3144599014834042 -0.1380746602147024 0.5132497921962138 64 76 78 3.44 96 0 97 0 98 0 
635 0.20733380813835955 0.1687703871517053 0.3924568244568316 114 114 124 0.24 96 0 97 0 98 0 99 0 
636 0.02921347847402256 0.36720752431245474 0.3131454035635657 136 136 136 0.26 96 0 97 0 99 0 
637 -0.1848904917486225 0.7060463759093104 0.24185194691780443 133 135 135 0.32 96 0 97 0 99 0 
638 -0.1652394538562736 0.6479422540706988 0.24276806183507182 134 134 132 1.24 96 0 97 0 99 0 
639 -0.19853008582410991 0.6776975025831021 0.2304572382241563 139 137 130 0.28 96 0 97 0 99 0 
640 0.8501179519136752 -0.8336506594971487 0.3729744361556162 126 166 186 0.36 96 0 97 0 98 0 
641 -0.13976410333834677 0.5293372720526036 0.1801135002590868 118 114 112 0.3 96 0 97 0 99 0 
642 0.6383477947986336 -0.6768027146180166 0.2866996714719283 185 185 185 0.62 96 0 97 0 98 0 
643 2.614282852933271 3.4277958049500596 -0.6593247734164603 178 193 192 1.26 96 0 97 0 98 0 
644 -0.142955550345508 0.5213758681137274 0.15567385058762317 113 109 112 0.63 96 0 97 0 99 0 
645 0.8118267959270069 -0.8596163501540589 0.2704859670208746 212 224 237 0.35 96 0 97 0 98 0 99 0 
646 2.571448475960135 3.2097761760888295 -0.6890722689627652 143 150 158 0.38 96 0 97 0 98 0 
647 -1.4120028951840204 -0.2051734499488548 0.4204615313658253 23 25 24 0.79 96 0 97 0 98 0 
648 -1.412373320948606 -0.24532769177183536 0.4243872535363824 28 27 26 0.18 96 0 97 0 98 0 
649 0.6636736088781685 -0.7752706523318711 0.20730457322990592 186 183 178 0.17 96 0 97 0 98 0 99 0 
650 -0.13806308734053108 0.5004197067434447 0.08284483119344954 119 119 115 1.38 96 0 97 0 99 0 
651 -1.3791784269637946 -0.08701597634344607 0.3806714714218937 91 105 109 0.24 96 0 97 0 98 0 
652 -0.24848013295075555 0.6074278738225777 0.05696794455900944 99 104 106 0.52 96 0 97 0 99 0 
653 2.794909386605565 3.330979152282098 -1.0208637958299809 197 216 222 0.69 96 0 97 0 98 0 
654 -0.27035763505087074 0.6108791961499814 0.021294989049535085 111 109 106 0.2 96 0 97 0 99 0 
655 2.64723095679383 3.2251466077912467 -1.0415085045199417 137 168 175 0.44 96 0 97 0 98 0 
656 -0.09088545525314551 0.31543631321346177 0.023111010556742695 168 165 159 0.09 96 0 97 0 99 0 
657 -1.3780262700563175 -0.14140496752331502 0.3590305918987642 45 61 64 0.22 96 0 97 0 98 0 
658 -0.10954282821365435 0.3291593227873938 -0.017934426196589914 139 134 124 0.28 96 0 97 0 99 0 
659 -0.11401202036532965 0.3139759688826361 -0.030001721474444798 150 148 141 1.89 96 0 97 0 99 0 
660 -1.4293557829166055 -0.2411343436535979 0.36736842154445415 52 68 71 0.44 96 0 97 0 98 0 
661 -1.4308894115912492 -0.2318984549009823 0.36397239430691575 36 48 51 0.73 96 0 97 0 98 0 
662 -0.22988436454912575 0.3345857907562916 -0.03189680869813882 126 126 120 3.94 96 0 97 0 99 0 
663 -0.08082496301541209 0.22393442960398677 -0.0692718125644749 98 90 86 0.27 96 0 97 0 99 0 
664 -1.4277221852902509 -0.2202055903606023 0.34571606967027946 42 46 44 0.35 96 0 97 0 98 0 
665 -1.432393345005727 -0.20097553060226062 0.3305553835765247 45 51 52 0.51 96 0 97 0 98 0 
666 -1.4328774991925006 -0.2015833780082116 0.30671740740988906 24 25 26 1.07 96 0 97 0 98 0 
667 -1.4522023850879733 -0.25603704935689986 0.3212343289173021 76 81 85 0.31 96 0 97 0 98 0 
668 -1.4548509587445726 -0.2614604049297963 0.31110087255616503 63 68 72 0.48 96 0 97 0 98 0 
669 -0.09048962086790491 -0.016583195773075682 -0.24161115482663842 73 54 59 3.97 96 0 97 0 98 0 99 0 
670 -1.4490063337359356 -0.21676068034486465 0.272670689630778 21 24 23 0.44 96 0 97 0 98 0 
671 0.32099828230622807 -1.5973556537878897 -0.34711955926485016 35 50 40 0.26 96 0 97 0 98 0 
672 0.4567542857350868 -1.7851053172655624 -0.4294599755824182 121 123 101 0.96 96 0 97 0 99 0 
673 0.18673713987122653 -1.474290366066396 -0.44425654090198363 58 61 63 0.4 96 0 97 0 98 0 
674 -0.7597967071715117 0.45929429548534084 -0.30325439900961015 14 21 21 0.36 96 0 97 0 98 0 
675 -0.36972391601373955 0.1522374108899208 -0.4678497407140365 27 33 31 3.02 96 0 97 0 99 0 
676 -1.4669999244393006 -0.27202430476319706 0.2115779121447383 80 70 67 0.65 96 0 97 0 98 0 
677 -0.7689259353592965 0.5870935601698987 -0.3410565580215976 30 48 64 0.52 96 0 97 0 98 0 
678 -1.4694024952930107 -0.24509238996873908 0.20041529891199295 60 65 75 0.29 96 0 97 0 98 0 
679 -0.16810677782979733 -1.3123371535740738 -0.34586921825017636 111 95 116 0.09 96 0 97 0 99 0 
680 -1.472342254895885 -0.26731110538374925 0.20333615695292506 54 55 57 0.46 96 0 97 0 98 0 
681 -0.21612748008784388 -1.2226706703545338 -0.35085046383535656 148 121 139 0.19 96 0 97 0 98 0 
682 -0.36268038309543593 -1.209748168326453 -0.2933667116852231 106 90 109 0.4 96 0 97 0 98 0 99 0 
683 -0.7333756703396266 0.49482590732031306 -0.39323260012510663 8 13 10 0.69 96 0 97 0 98 0 
684 -0.3622199954513312 -1.1058362045665118 -0.31810495117925375 147 133 154 0.52 96 0 97 0 98 0 
685 -1.4771928858110512 -0.26869415511663164 0.19151713068935017 78 87 98 0.51 96 0 97 0 98 0 
686 -0.4064089144398064 -1.1054382698099243 -0.30165953160497494 119 115 134 0.7 96 0 97 0 98 0 
687 -0.786992949661514 0.2318562414999262 -0.331582479113527 14 22 16 0.48 96 0 97 0 98 0 99 0 
688 -0.7053199698592771 -0.20156061327648192 -0.2992719371540411 52 88 38 0.46 96 0 97 0 98 0 99 0 
689 -0.7032933429306092 -0.22512848261745347 -0.305460740690763 49 66 35 1.53 96 0 97 0 98 0 
690 -0.8039828457919769 0.25251466490175545 -0.3389086786344966 18 29 22 1.7 96 0 97 0 98 0 99 0 
691 -1.4788142253550798 -0.25124945855526104 0.16877215824013692 40 50 55 0.64 96 0 97 0 98 0 
692 -0.6756398355315061 -1.007338995209817 -0.20904958982710187 159 160 178 0.44 96 0 97 0 98 0 
693 -0.7702005496683699 -0.08340744780627043 -0.31325398237484126 24 37 23 0.79 96 0 97 0 99 0 
694 -0.836739864568695 0.12392715346388025 -0.324400796379135 31 47 28 0.46 96 0 97 0 99 0 
695 -0.7084546610571913 -0.5594096215368861 -0.29217156720490667 105 95 110 0.75 96 0 97 0 98 0 99 0 
696 -0.7610143891180301 -0.8894938663205468 -0.19885596743359568 120 106 126 0.47 96 0 97 0 98 0 
697 -0.7637919810257032 -0.8706117902047275 -0.20356243124660156 96 78 104 0.13 96 0 97 0 98 0 
698 -0.824557258878277 0.04614998793147382 -0.327119219732246 30 51 29 1.29 96 0 97 0 99 0 
699 -0.8267307632914918 0.5052542396148992 -0.42767149975066454 19 38 24 2.53 96 0 97 0 98 0 
700 -0.8817033112492214 0.42828426103530337 -0.3844612986391709 26 38 27 2.64 96 0 97 0 98 0 
701 -0.7891698717116395 -0.10124170092100174 -0.34423186223287916 61 58 57 0.35 96 0 97 0 99 0 
702 -0.763595557090551 -0.2735916129799444 -0.32962598174841673 64 64 74 0.69 96 0 97 0 98 0 99 0 
703 -0.8683250476605084 -0.8730513560484158 -0.16333136008128712 127 127 146 0.29 96 0 97 0 98 0 
704 -0.8680737794186641 0.32922201038013166 -0.38894980255913936 19 27 20 1.03 96 0 97 0 98 0 
705 -0.8452388114449465 0.032327152078761884 -0.34538229671383924 62 65 61 0.84 96 0 97 0 99 0 
706 -0.7961073715089539 -0.23544409932702584 -0.3271261789058242 88 85 94 0.52 96 0 97 0 98 0 99 0 
707 -0.9018432795511315 0.4767621659805753 -0.3994969988161141 33 55 45 0.15 96 0 97 0 98 0 
708 -0.8454329698001701 0.015260874898039262 -0.34166699309874926 66 61 59 1.23 96 0 97 0 99 0 
709 -0.8232649981863647 -0.13782308051832662 -0.33100879108726855 74 71 82 0.29 96 0 97 0 98 0 
710 -0.8471318268252168 -0.09688421033580666 -0.32569837423991566 75 61 68 0.46 96 0 97 0 99 0 
711 -0.8320982182592656 -0.1761110084744623 -0.3221722344540089 81 69 78 0.32 96 0 97 0 99 0 
712 -0.8327922592112871 -0.19164275237100417 -0.3198285868604108 99 76 85 0.53 96 0 97 0 98 0 99 0 
713 -0.8514525095251275 -0.20950003770749107 -0.3129194162831114 124 114 131 0.3 96 0 97 0 98 0 
714 -0.8779948930340198 -0.037992605850679345 -0.33157189206072657 75 71 79 0.24 96 0 97 0 99 0 
715 -0.9104668333466006 0.41929488162002626 -0.40771477339307227 69 66 53 0.38 96 0 97 0 98 0 
716 0.17238745701828906 0.35469750385056165 0.5376735547734821 132 129 122 0.37 97 0 98 0 99 0 
717 0.16661551332055202 0.3222669586757404 0.5405164571738099 97 94 92 0.18 97 0 98 0 99 0 
718 0.2205071411597772 0.26800535991965846 0.5427833008283722 126 121 119 0.21 97 0 98 0 99 0 
719 1.2948677503519188 -1.3682861367025219 0.7641049057074467 161 188 203 0.41 97 0 98 0 99 0 
720 0.9636455846293386 -0.9479534129572565 0.6133121878257946 147 161 171 0.38 97 0 98 0 99 0 
721 0.9702396796472772 -0.955727667533356 0.581287324027896 191 189 185 0.36 97 0 98 0 99 0 
722 0.7759937975735203 -0.7014479179700054 0.534614712505584 193 199 203 0.11 97 0 98 0 99 0 
723 0.7774749861295909 -0.6819973407496772 0.5083367039811086 199 194 188 0.37 97 0 98 0 99 0 
724 0.8706399413200905 -0.7569975021337642 0.5062955268403144 138 172 192 0.36 97 0 98 0 99 0 
725 0.9130109434086688 -0.8083931158069159 0.5063700300417329 143 171 185 0.25 97 0 98 0 99 0 
726 0.7849984475087615 -0.7189721108342553 0.47040827438735033 178 183 188 0.26 97 0 98 0 99 0 
727 0.8952662083044451 -0.9031639014307961 0.4941334384362588 105 120 127 0.15 97 0 98 0 99 0 
728 0.7253554834132867 -0.6677544821705642 0.4474519271510895 148 158 160 0.18 97 0 98 0 99 0 
729 0.8501586441195563 -0.7720849186909194 0.4427665218304253 144 172 190 0.23 97 0 98 0 99 0 
730 0.8756645552505036 -0.8235213323696667 0.4439134076106346 148 181 199 0.23 97 0 98 0 99 0 
731 0.257700217989266 0.08227335092002094 0.32731672404122625 154 177 195 0.44 97 0 98 0 99 0 
732 1.1821436622247248 -1.3825110188101886 0.5039737434618177 175 174 174 0.4 97 0 98 0 99 0 
733 0.8074441226384963 -0.7776789946489159 0.40333020674470377 196 224 242 0.35 97 0 98 0 99 0 
734 1.2157860013087962 -1.457605201454479 0.47542374124165154 177 176 175 0.33 97 0 98 0 99 0 
735 0.10694417469988382 0.22190118410975254 0.28126766590386754 116 120 121 0.32 97 0 98 0 99 0 
736 0.7218901157269446 -0.7165682740997776 0.38087182604852154 188 184 180 0.16 97 0 98 0 99 0 
737 1.058917711421737 -1.2427353027763521 0.44146449008742916 158 163 164 0.05 97 0 98 0 99 0 
738 0.989966088789938 -1.1667036528763324 0.3889072105839071 147 149 157 0.32 97 0 98 0 99 0 
739 0.8469904470860738 -0.939265288788753 0.3600234486118816 96 127 137 0.36 97 0 98 0 99 0 
740 1.0927305020403217 -1.3574571410362228 0.39135884748904815 181 179 180 0.18 97 0 98 0 99 0 
741 1.1538185400574728 -1.467805024619649 0.33398353639371603 173 163 166 0.31 97 0 98 0 99 0 
742 1.1766743595630547 -1.5119128712007726 0.337724150040116 144 154 162 0.34 97 0 98 0 99 0 
743 0.19449265312442643 0.015836819991250722 0.1962771597529669 147 137 131 0.75 97 0 98 0 99 0 
744 0.18884913625821875 -0.0025789636724050935 0.19861291286566374 137 127 120 0.25 97 0 98 0 99 0 
745 0.8437394502945026 -0.9380691353903912 0.2583651782434786 141 125 142 0.27 97 0 98 0 99 0 
746 2.4809113651071177 -2.3033904778314485 0.23147534240423084 99 132 115 0.25 97 0 98 0 99 0 
747 0.1868783788222621 -0.0419810419826602 0.1644017044378443 170 166 159 0.53 97 0 98 0 99 0 
748 0.8109154347188066 -1.0697320780290998 0.15843732397440302 153 139 136 0.46 97 0 98 0 99 0 
749 0.6022109132172588 -0.8250723310005966 0.0959152258650926 180 173 169 0.2 97 0 98 0 99 0 
750 0.7715819357187845 -1.0542218380593535 0.08153070315750521 156 146 146 0.33 97 0 98 0 99 0 
751 0.7790290149941872 -1.0952705352591314 0.08418423446539869 145 132 134 0.22 97 0 98 0 99 0 
752 0.5963896796382038 -0.8166919496043196 0.05169880582994257 183 174 168 0.21 97 0 98 0 99 0 
753 0.6152424246610182 -0.869968338610863 0.04957782682081269 149 143 144 0.18 97 0 98 0 99 0 
754 0.772511801560344 -1.0907755309678786 0.03354715392726204 184 173 166 0.34 97 0 98 0 99 0 
755 0.7027006597039369 -1.0046078139381596 -0.0027544409406274895 160 148 140 0.58 97 0 98 0 99 0 
756 0.8048220783630899 -1.1872954043722332 0.0036112718703416036 145 143 145 0.4 97 0 98 0 99 0 
757 0.7399636272323327 -1.0596807480190096 -0.06678199287004927 39 37 40 0.45 97 0 98 0 99 0 
758 0.5616890776869943 -0.8012960823855455 -0.07364573643593575 117 128 132 1.01 97 0 98 0 99 0 
759 0.9001842710606198 -1.4218943107090163 -0.07080438432645897 155 147 146 0.04 97 0 98 0 99 0 
760 0.6910831728728728 -1.0172965211846783 -0.10753040975476069 68 53 57 0.42 97 0 98 0 99 0 
761 0.8339139182647659 -1.4587670005054845 -0.23597615081861423 134 122 123 0.21 97 0 98 0 99 0 
762 -0.0411270082277877 0.040132834489453456 -0.21009764584470947 125 120 120 0.37 97 0 98 0 99 0 
763 0.4562642062269884 -0.8386445548509013 -0.24294605270616254 164 160 159 0.35 97 0 98 0 99 0 
764 0.40994104178303603 -0.77172637560053 -0.2695834997069082 185 174 165 0.12 97 0 98 0 99 0 
765 0.664946003494002 -1.2284409597116184 -0.29482891075969075 172 162 155 0.38 97 0 98 0 99 0 
766 0.42773678095148426 -0.8340918548373074 -0.3199963149719278 180 177 169 0.57 97 0 98 0 99 0 
767 0.43716529067921783 -0.8631393942946317 -0.34783041278952953 182 172 161 0.08 97 0 98 0 99 0 
768 0.5661535630683159 -1.0828740461830648 -0.3831780986909379 72 56 60 0.21 97 0 98 0 99 0 
769 0.36600586048586115 -0.766546072210796 -0.36186182626165564 150 140 137 0.41 97 0 98 0 99 0 
770 1.2242366008898822 -1.992422656163093 -0.5835839054195532 42 37 36 0.29 97 0 98 0 99 0 
771 1.2128268830152271 -1.9962156024636768 -0.6030177875327067 67 53 49 0.22 97 0 98 0 99 0 
772 1.1669906290082561 -2.0242608683094008 -0.5773873033276278 70 50 41 0.56 97 0 98 0 99 0 
773 -0.13036114960863898 -0.7922742059313185 -0.2220814907194988 50 52 63 0.24 97 0 98 0 99 0 
774 0.7115411477893552 -1.4954479753451475 -0.4922845022180202 170 164 159 0.33 97 0 98 0 99 0 
775 0.4684291433982515 -1.6680772053478792 -0.3528620448076386 62 82 91 1.73 97 0 98 0 99 0 
776 -0.06684667893609353 -0.9172694490325168 -0.24414295800332275 189 195 212 0.39 97 0 98 0 99 0 
777 -0.1386588290306645 -0.8385214251725449 -0.26344398321475926 150 18 28 0.32 97 0 98 0 99 0 
778 0.2705174931427501 -1.423570871474334 -0.392562177800881 82 126 75 0.24 97 0 98 0 99 0 
779 -0.11605688545898829 -0.9109053676401824 -0.295409507454797 173 182 201 0.31 97 0 98 0 99 0 
780 -0.1502906397732202 -0.8476001103104589 -0.3054490645770861 171 156 174 0.31 97 0 98 0 99 0 
781 0.40635346107341075 -1.274825159073979 -0.5233225997380249 31 35 23 0.19 97 0 98 0 99 0 
782 -0.17334860814785324 -0.819255574824319 -0.31382772110108614 89 103 120 0.43 97 0 98 0 99 0 
783 -0.29119557524064277 -0.7429936305472894 -0.2777701544203093 109 126 147 0.43 97 0 98 0 99 0 
784 -0.1614025204471603 -0.9289722899054276 -0.40634067808523944 120 124 108 0.25 97 0 98 0 99 0 
785 -0.1217473109035141 -1.4546069398913417 -0.3356839427425041 164 176 191 0.25 97 0 98 0 99 0 
786 -0.13338085556510793 -1.2625176344856865 -0.3705161677720211 128 112 123 0.23 97 0 98 0 99 0 
787 -0.17614706888838905 -1.0897013081942235 -0.3894964069745549 104 103 103 0.2 97 0 98 0 99 0 
788 -0.18903543348888263 -1.1734900286751673 -0.37102855938739 130 116 125 1.81 97 0 98 0 99 0 
789 -0.5672247232409391 -0.6215489482654626 -0.25209511467780854 18 18 23 0.26 97 0 98 0 99 0 
790 -0.2331491068700573 -1.3912344229147562 -0.30240121785722696 150 151 163 0.44 97 0 98 0 99 0 
791 -0.17744483582580983 -1.3100284371616926 -0.3660257577632776 123 104 120 4.3 97 0 98 0 99 0 
792 -0.35949872507295577 -0.9305255197687128 -0.35647849229713435 115 97 109 0.4 97 0 98 0 99 0 
793 -0.3225581101679258 -0.8299816704562932 -0.40525252724090055 76 76 74 4.14 97 0 98 0 99 0 
794 -0.44641710531317536 -0.9768912584909097 -0.3006580582648002 124 108 125 2.85 97 0 98 0 99 0 
795 -0.496772014167274 -0.7076907052149645 -0.3255078675214709 127 123 119 1.86 97 0 98 0 99 0 
796 -0.4903359204173756 -0.7744517443433064 -0.32735425907012583 170 169 171 0.78 97 0 98 0 99 0 
797 -0.5060790560732258 -0.9071929270167042 -0.29368044763730083 107 94 107 1.33 97 0 98 0 99 0 
798 -0.5109311551003124 -0.723910689528388 -0.3308811067795344 122 105 116 0.43 97 0 98 0 99 0 
799 -0.5096630244443294 -1.0349864473377406 -0.27506287510503946 96 94 108 0.47 97 0 98 0 99 0 
800 -0.8177219681502121 0.18315749999866168 -0.3386868735235403 19 25 21 1.1 97 0 98 0 99 0 
801 -0.8476456262552388 0.2478518745254291 -0.33763354991054406 28 37 26 0.29 97 0 98 0 99 0 
802 -0.7427020670766149 -0.15891075177753336 -0.31345859825747047 39 46 36 0.44 97 0 98 0 99 0 
803 -0.7181859104568198 -0.7038297813231896 -0.25303282175234165 104 86 102 0.6 97 0 98 0 99 0 
