# Camera list with one line of data per camera:
#   CAMERA_ID, MODEL, WIDTH, HEIGHT, PARAMS[]
# Number of cameras: 12
27 OPENCV 1140 760 779.1360042735042 778.9228632478632 570.0 380.0 -0.110339 0.079547 0.0 0.0
28 OPENCV 1140 760 779.1360042735042 778.9228632478632 570.0 380.0 -0.110339 0.079547 0.0 0.0
29 OPENCV 1140 760 779.1360042735042 778.9228632478632 570.0 380.0 -0.110339 0.079547 0.0 0.0
30 OPENCV 1140 760 779.1360042735042 778.9228632478632 570.0 380.0 -0.110339 0.079547 0.0 0.0
31 OPENCV 1140 760 779.1360042735042 778.9228632478632 570.0 380.0 -0.110339 0.079547 0.0 0.0
32 OPENCV 1140 760 779.1360042735042 778.9228632478632 570.0 380.0 -0.110339 0.079547 0.0 0.0
33 OPENCV 1140 760 779.1360042735042 778.9228632478632 570.0 380.0 -0.110339 0.079547 0.0 0.0
34 OPENCV 1140 760 779.1360042735042 778.9228632478632 570.0 380.0 -0.110339 0.079547 0.0 0.0
35 OPENCV 1140 760 779.1360042735042 778.9228632478632 570.0 380.0 -0.110339 0.079547 0.0 0.0
36 OPENCV 1140 760 779.1360042735042 778.9228632478632 570.0 380.0 -0.110339 0.079547 0.0 0.0
37 OPENCV 1140 760 779.1360042735042 778.9228632478632 570.0 380.0 -0.110339 0.079547 0.0 0.0
38 OPENCV 1140 760 779.1360042735042 778.9228632478632 570.0 380.0 -0.110339 0.079547 0.0 0.0
