# Camera list with one line of data per camera:
#   CAMERA_ID, MODEL, WIDTH, HEIGHT, PARAMS[]
# Number of cameras: 12
67 OPENCV 1140 760 779.1360042735042 778.9228632478632 570.0 380.0 -0.110339 0.079547 0.0 0.0
68 OPENCV 1140 760 779.1360042735042 778.9228632478632 570.0 380.0 -0.110339 0.079547 0.0 0.0
69 OPENCV 1140 760 779.1360042735042 778.9228632478632 570.0 380.0 -0.110339 0.079547 0.0 0.0
70 OPENCV 1140 760 779.1360042735042 778.9228632478632 570.0 380.0 -0.110339 0.079547 0.0 0.0
71 OPENCV 1140 760 779.1360042735042 778.9228632478632 570.0 380.0 -0.110339 0.079547 0.0 0.0
72 OPENCV 1140 760 779.1360042735042 778.9228632478632 570.0 380.0 -0.110339 0.079547 0.0 0.0
73 OPENCV 1140 760 779.1360042735042 778.9228632478632 570.0 380.0 -0.110339 0.079547 0.0 0.0
74 OPENCV 1140 760 779.1360042735042 778.9228632478632 570.0 380.0 -0.110339 0.079547 0.0 0.0
75 OPENCV 1140 760 779.1360042735042 778.9228632478632 570.0 380.0 -0.110339 0.079547 0.0 0.0
76 OPENCV 1140 760 779.1360042735042 778.9228632478632 570.0 380.0 -0.110339 0.079547 0.0 0.0
77 OPENCV 1140 760 779.1360042735042 778.9228632478632 570.0 380.0 -0.110339 0.079547 0.0 0.0
78 OPENCV 1140 760 779.1360042735042 778.9228632478632 570.0 380.0 -0.110339 0.079547 0.0 0.0
