# Camera list with one line of data per camera:
#   CAMERA_ID, MODEL, WIDTH, HEIGHT, PARAMS[]
# Number of cameras: 12
21 OPENCV 1140 760 779.136004273034 778.922863248129 569.9999999997193 379.99999999991826 -0.11033902245264801 0.07954699190974124 0.0 0.0
22 OPENCV 1140 760 779.1360042741893 778.9228632474452 570.0000000002099 379.9999999999817 -0.11033899140433451 0.07954699041471286 0.0 0.0
23 OPENCV 1140 760 779.1360042733886 778.9228632482161 569.9999999994359 380.00000000025244 -0.11033909418800454 0.07954684797815394 0.0 0.0
24 OPENCV 1140 760 779.1360042738997 778.9228632478705 570.0000000011102 380.0000000001658 -0.11033877621307225 0.07954710741401275 0.0 0.0
25 OPENCV 1140 760 779.1360042747015 778.9228632470838 569.999999999742 379.99999999994253 -0.11033897130583162 0.07954690974601338 0.0 0.0
26 OPENCV 1140 760 779.1360042721562 778.9228632489265 570.0000000005298 380.0000000000059 -0.11033950926475479 0.07954663490457146 0.0 0.0
27 OPENCV 1140 760 779.136004273384 778.9228632475969 570.0000000001824 379.99999999988586 -0.11033888410278542 0.07954712075428497 0.0 0.0
28 OPENCV 1140 760 779.1360042734412 778.9228632478638 569.9999999994153 380.00000000006935 -0.11033904887394612 0.07954696431582356 0.0 0.0
29 OPENCV 1140 760 779.1360042735025 778.9228632479286 569.9999999997389 379.9999999997819 -0.11033921981766524 0.07954680263098594 0.0 0.0
32 OPENCV 1140 760 779.1360042735771 778.9228632478024 570.0000000000296 379.9999999999701 -0.1103389141991003 0.07954704641120955 0.0 0.0
34 OPENCV 1140 760 779.1360042736989 778.9228632476356 569.9999999999786 379.99999999998477 -0.11033904810212866 0.0795469709775183 0.0 0.0
35 OPENCV 1140 760 779.1360042734591 778.9228632478928 570.0000000000296 379.999999999981 -0.11033897525920307 0.07954701662981284 0.0 0.0
