# Camera list with one line of data per camera:
#   CAMERA_ID, MODEL, WIDTH, HEIGHT, PARAMS[]
# Number of cameras: 15
74 OPENCV 1140 760 779.1360042737118 778.9228632477668 569.9999999999135 380.0000000001016 -0.11033896857823816 0.07954702977751746 0.0 0.0
75 OPENCV 1140 760 779.1360042731761 778.9228632479394 570.0000000001393 379.99999999984504 -0.11033910085170107 0.07954693901289758 0.0 0.0
76 OPENCV 1140 760 779.1360042733652 778.9228632479749 570.0000000000402 379.9999999999245 -0.110339024066644 0.07954696537997225 0.0 0.0
77 OPENCV 1140 760 779.1360042738039 778.9228632476759 569.9999999999178 380.00000000007805 -0.11033893487422299 0.07954700437059506 0.0 0.0
78 OPENCV 1140 760 779.1360042735956 778.9228632478076 570.0000000000778 380.0000000000837 -0.11033883274431652 0.07954712503048311 0.0 0.0
79 OPENCV 1140 760 779.1360042733278 778.9228632480854 569.9999999998952 379.9999999999665 -0.11033906070039483 0.07954696060682849 0.0 0.0
80 OPENCV 1140 760 779.1360042734631 778.9228632479332 569.9999999999311 380.00000000002336 -0.11033909636137489 0.07954688992071562 0.0 0.0
82 OPENCV 1140 760 779.1360042736097 778.9228632477899 570.0000000000092 380.0000000000696 -0.11033897266907701 0.07954701795197143 0.0 0.0
67 OPENCV 1140 760 779.1360042733828 778.9228632479965 570.0000000000382 380.0000000000522 -0.11033904718177501 0.07954698128647728 0.0 0.0
68 OPENCV 1140 760 779.1360042735599 778.9228632477659 569.9999999999927 379.99999999998494 -0.11033899704140714 0.07954702345574026 0.0 0.0
69 OPENCV 1140 760 779.1360042733103 778.9228632480083 570.000000000062 379.9999999999993 -0.110339158369014 0.07954690534900975 0.0 0.0
70 OPENCV 1140 760 779.1360042737513 778.9228632476597 570.0000000001679 379.9999999999899 -0.11033902333754303 0.07954699551597035 0.0 0.0
71 OPENCV 1140 760 779.1360042741043 778.9228632473831 569.9999999998951 380.0000000001443 -0.11033902509627402 0.07954697508040574 0.0 0.0
72 OPENCV 1140 760 779.1360042730615 778.9228632482535 569.999999999652 379.99999999985664 -0.11033889199558741 0.07954710252790943 0.0 0.0
73 OPENCV 1140 760 779.1360042728336 778.9228632483521 569.9999999999837 379.99999999989217 -0.11033900516389461 0.07954704606465886 0.0 0.0
