# Camera list with one line of data per camera:
#   CAMERA_ID, MODEL, WIDTH, HEIGHT, PARAMS[]
# Number of cameras: 7
50 OPENCV 1140 760 779.1360042740201 778.9228632475567 570.0000000000728 379.99999999999415 -0.11033887148789132 0.07954705700931577 0.0 0.0
51 OPENCV 1140 760 779.1360042733222 778.9228632478674 570.0000000000865 380.0000000000825 -0.11033922390216372 0.07954690185660983 0.0 0.0
52 OPENCV 1140 760 779.1360042723461 778.9228632488553 569.9999999997061 380.00000000004997 -0.11033909467510113 0.07954695443324543 0.0 0.0
53 OPENCV 1140 760 779.13600427436 778.9228632472635 570.0000000001037 379.99999999998244 -0.11033889123897804 0.07954706049459932 0.0 0.0
54 OPENCV 1140 760 779.1360042734942 778.9228632478147 570.0000000000268 379.99999999986073 -0.11033900355489965 0.0795469821658018 0.0 0.0
63 OPENCV 1140 760 779.1360042734199 778.9228632479413 570.0000000000284 379.9999999999853 -0.11033903295818215 0.07954698504944287 0.0 0.0
64 OPENCV 1140 760 779.1360042735946 778.9228632477544 569.9999999999582 379.9999999999969 -0.11033900809125925 0.07954699901943692 0.0 0.0
