# Camera list with one line of data per camera:
#   CAMERA_ID, MODEL, WIDTH, HEIGHT, PARAMS[]
# Number of cameras: 8
51 OPENCV 1140 760 779.1360042734692 778.9228632478753 569.9999999999982 379.99999999995805 -0.11033901225981618 0.07954699808984116 0.0 0.0
58 OPENCV 1140 760 779.1360042736433 778.922863247723 570.000000000064 380.0000000000115 -0.1103389864052066 0.07954694457776572 0.0 0.0
59 OPENCV 1140 760 779.1360042733933 778.9228632480016 569.9999999999019 379.99999999999795 -0.11033895403610294 0.07954698733354007 0.0 0.0
63 OPENCV 1140 760 779.1360042734675 778.9228632478547 569.9999999997756 379.9999999999572 -0.11033922402290358 0.07954685493428144 0.0 0.0
64 OPENCV 1140 760 779.1360042738455 778.922863247263 569.9999999998554 379.9999999998888 -0.11033907453863256 0.07954698294826129 0.0 0.0
65 OPENCV 1140 760 779.1360042733468 778.9228632483888 570.0000000003167 380.0000000002054 -0.11033884032788385 0.07954705923745413 0.0 0.0
67 OPENCV 1140 760 779.1360042734008 778.9228632479172 569.9999999999425 379.9999999999499 -0.11033905910504722 0.07954697730320867 0.0 0.0
68 OPENCV 1140 760 779.1360042735118 778.9228632479321 570.0000000000333 380.0000000000803 -0.11033895236893133 0.07954703400240044 0.0 0.0
