# Camera list with one line of data per camera:
#   CAMERA_ID, MODEL, WIDTH, HEIGHT, PARAMS[]
# Number of cameras: 8
74 OPENCV 1140 760 779.1360042737118 778.9228632477668 569.9999999999135 380.0000000001016 -0.11033896857823816 0.07954702977751746 0.0 0.0
75 OPENCV 1140 760 779.1360042731761 778.9228632479394 570.0000000001393 379.99999999984504 -0.11033910085170107 0.07954693901289758 0.0 0.0
76 OPENCV 1140 760 779.1360042733652 778.9228632479749 570.0000000000402 379.9999999999245 -0.110339024066644 0.07954696537997225 0.0 0.0
77 OPENCV 1140 760 779.1360042738039 778.9228632476759 569.9999999999178 380.00000000007805 -0.11033893487422299 0.07954700437059506 0.0 0.0
78 OPENCV 1140 760 779.1360042735956 778.9228632478076 570.0000000000778 380.0000000000837 -0.11033883274431652 0.07954712503048311 0.0 0.0
79 OPENCV 1140 760 779.1360042733278 778.9228632480854 569.9999999998952 379.9999999999665 -0.11033906070039483 0.07954696060682849 0.0 0.0
80 OPENCV 1140 760 779.1360042734631 778.9228632479332 569.9999999999311 380.00000000002336 -0.11033909636137489 0.07954688992071562 0.0 0.0
82 OPENCV 1140 760 779.1360042736097 778.9228632477899 570.0000000000092 380.0000000000696 -0.11033897266907701 0.07954701795197143 0.0 0.0
