# Camera list with one line of data per camera:
#   CAMERA_ID, MODEL, WIDTH, HEIGHT, PARAMS[]
# Number of cameras: 12
27 OPENCV 1140 760 779.1360042735955 778.922863247752 569.9999999999288 380.00000000005895 -0.1103390140397681 0.0795469660214931 0.0 0.0
28 OPENCV 1140 760 779.1360042736578 778.9228632479078 570.0000000000872 380.0000000001112 -0.11033883723184511 0.07954709180800963 0.0 0.0
29 OPENCV 1140 760 779.1360042731266 778.9228632480533 569.9999999993446 379.99999999972187 -0.11033915330561464 0.07954687615893105 0.0 0.0
30 OPENCV 1140 760 779.1360042739584 778.9228632478145 570.0000000005753 379.9999999999714 -0.11033940995289354 0.07954667354494209 0.0 0.0
31 OPENCV 1140 760 779.1360042733567 778.9228632481895 569.9999999998612 379.99999999981213 -0.11033905003761166 0.07954695361211371 0.0 0.0
32 OPENCV 1140 760 779.1360042738261 778.9228632479368 569.9999999998846 380.00000000017207 -0.11033897753387148 0.07954696578259059 0.0 0.0
33 OPENCV 1140 760 779.1360042736044 778.9228632475608 569.9999999999571 380.00000000007395 -0.11033913498849131 0.07954690483423492 0.0 0.0
34 OPENCV 1140 760 779.1360042740555 778.9228632471712 570.000000000339 379.99999999976563 -0.11033924344748447 0.0795468002802296 0.0 0.0
35 OPENCV 1140 760 779.1360042737816 778.9228632478731 569.99999999968 380.000000000135 -0.11033921839222227 0.0795468282780198 0.0 0.0
36 OPENCV 1140 760 779.1360042734578 778.9228632480583 570.0000000001153 380.00000000012005 -0.11033900825615608 0.07954697642766709 0.0 0.0
37 OPENCV 1140 760 779.1360042735922 778.922863248015 569.9999999998986 380.00000000021055 -0.11033905232479971 0.0795469334267023 0.0 0.0
38 OPENCV 1140 760 779.1360042730698 778.9228632481463 569.9999999999976 379.9999999998063 -0.11033895554492967 0.07954704647278861 0.0 0.0
