# Camera list with one line of data per camera:
#   CAMERA_ID, MODEL, WIDTH, HEIGHT, PARAMS[]
# Number of cameras: 18
78 OPENCV 1140 760 779.1360042735042 778.9228632478632 570.0 380.0 -0.110339 0.079547 0.0 0.0
79 OPENCV 1140 760 779.1360042735042 778.9228632478632 570.0 380.0 -0.110339 0.079547 0.0 0.0
80 OPENCV 1140 760 779.1360042735042 778.9228632478632 570.0 380.0 -0.110339 0.079547 0.0 0.0
81 OPENCV 1140 760 779.1360042735042 778.9228632478632 570.0 380.0 -0.110339 0.079547 0.0 0.0
82 OPENCV 1140 760 779.1360042735042 778.9228632478632 570.0 380.0 -0.110339 0.079547 0.0 0.0
83 OPENCV 1140 760 779.1360042735042 778.9228632478632 570.0 380.0 -0.110339 0.079547 0.0 0.0
84 OPENCV 1140 760 779.1360042735042 778.9228632478632 570.0 380.0 -0.110339 0.079547 0.0 0.0
85 OPENCV 1140 760 779.1360042735042 778.9228632478632 570.0 380.0 -0.110339 0.079547 0.0 0.0
86 OPENCV 1140 760 779.1360042735042 778.9228632478632 570.0 380.0 -0.110339 0.079547 0.0 0.0
87 OPENCV 1140 760 779.1360042735042 778.9228632478632 570.0 380.0 -0.110339 0.079547 0.0 0.0
88 OPENCV 1140 760 779.1360042735042 778.9228632478632 570.0 380.0 -0.110339 0.079547 0.0 0.0
89 OPENCV 1140 760 779.1360042735042 778.9228632478632 570.0 380.0 -0.110339 0.079547 0.0 0.0
90 OPENCV 1140 760 779.1360042735042 778.9228632478632 570.0 380.0 -0.110339 0.079547 0.0 0.0
91 OPENCV 1140 760 779.1360042735042 778.9228632478632 570.0 380.0 -0.110339 0.079547 0.0 0.0
92 OPENCV 1140 760 779.1360042735042 778.9228632478632 570.0 380.0 -0.110339 0.079547 0.0 0.0
94 OPENCV 1140 760 779.1360042735042 778.9228632478632 570.0 380.0 -0.110339 0.079547 0.0 0.0
95 OPENCV 1140 760 779.1360042735042 778.9228632478632 570.0 380.0 -0.110339 0.079547 0.0 0.0
98 OPENCV 1140 760 779.1360042735042 778.9228632478632 570.0 380.0 -0.110339 0.079547 0.0 0.0
