# Camera list with one line of data per camera:
#   CAMERA_ID, MODEL, WIDTH, HEIGHT, PARAMS[]
# Number of cameras: 11
21 OPENCV 1140 760 779.1360042735032 778.9228632477433 570.0000000001455 379.9999999998997 -0.11033905269639409 0.07954695691334746 0.0 0.0
22 OPENCV 1140 760 779.1360042734555 778.9228632480217 569.9999999997407 379.9999999999028 -0.11033898569860136 0.0795470464088078 0.0 0.0
23 OPENCV 1140 760 779.1360042736621 778.9228632477707 570.0000000001736 380.00000000006344 -0.11033898262431799 0.07954700056869826 0.0 0.0
35 OPENCV 1140 760 779.1360042738494 778.9228632473354 569.9999999998998 379.99999999983464 -0.11033906630129911 0.07954698357254393 0.0 0.0
36 OPENCV 1140 760 779.1360042735354 778.92286324783 570.0000000002808 379.99999999990473 -0.11033907146661653 0.07954694011341046 0.0 0.0
37 OPENCV 1140 760 779.136004273162 778.9228632480967 569.99999999919 380.000000000256 -0.11033900992722001 0.07954695216023708 0.0 0.0
38 OPENCV 1140 760 779.1360042729767 778.9228632485176 570.0000000002339 380.00000000024227 -0.11033920462892143 0.07954680690358129 0.0 0.0
40 OPENCV 1140 760 779.1360042737724 778.9228632478917 570.0000000007241 379.99999999960426 -0.11033897077154087 0.07954697929718157 0.0 0.0
42 OPENCV 1140 760 779.1360042740805 778.9228632478707 569.9999999997401 380.00000000037295 -0.11033910296566919 0.07954685015127747 0.0 0.0
44 OPENCV 1140 760 779.1360042738559 778.9228632475007 569.9999999998013 380.0000000003121 -0.11033909270077451 0.0795469692762222 0.0 0.0
45 OPENCV 1140 760 779.1360042729617 778.9228632480584 569.9999999998025 379.9999999999191 -0.11033928074185811 0.07954684155317689 0.0 0.0
