# Camera list with one line of data per camera:
#   CAMERA_ID, MODEL, WIDTH, HEIGHT, PARAMS[]
# Number of cameras: 10
50 OPENCV 1140 760 779.1360042734824 778.9228632479415 569.9999999999611 379.9999999999734 -0.11033897541960491 0.07954701643526561 0.0 0.0
51 OPENCV 1140 760 779.1360042735547 778.9228632478583 570.000000000018 380.0000000002389 -0.110339096063956 0.07954695295094687 0.0 0.0
53 OPENCV 1140 760 779.136004273682 778.922863247696 570.0000000000697 380.0000000000168 -0.11033889828306286 0.07954703800455391 0.0 0.0
54 OPENCV 1140 760 779.1360042731584 778.9228632481837 569.9999999999567 379.9999999997248 -0.11033899223285476 0.07954699985723238 0.0 0.0
57 OPENCV 1140 760 779.1360042734101 778.9228632479952 569.9999999998817 379.99999999999943 -0.11033903257016218 0.07954695314293599 0.0 0.0
58 OPENCV 1140 760 779.1360042745956 778.9228632467939 570.0000000000063 380.00000000018304 -0.11033889534286138 0.07954706572798047 0.0 0.0
59 OPENCV 1140 760 779.1360042727395 778.9228632486198 569.9999999998921 379.9999999998379 -0.1103391719023606 0.0795468455497669 0.0 0.0
63 OPENCV 1140 760 779.136004273264 778.9228632480856 570.0000000000318 379.9999999999239 -0.11033910357723166 0.07954697209410136 0.0 0.0
64 OPENCV 1140 760 779.1360042732902 778.9228632481208 570.0000000000969 379.9999999999631 -0.11033903162255683 0.07954698060130178 0.0 0.0
65 OPENCV 1140 760 779.1360042738943 778.9228632473613 569.999999999835 380.0000000001013 -0.11033898184125734 0.07954701838273784 0.0 0.0
