# Camera list with one line of data per camera:
#   CAMERA_ID, MODEL, WIDTH, HEIGHT, PARAMS[]
# Number of cameras: 17
51 OPENCV 1140 760 779.1360042734692 778.9228632478753 569.9999999999982 379.99999999995805 -0.11033901225981618 0.07954699808984116 0.0 0.0
58 OPENCV 1140 760 779.1360042736433 778.922863247723 570.000000000064 380.0000000000115 -0.1103389864052066 0.07954694457776572 0.0 0.0
59 OPENCV 1140 760 779.1360042733933 778.9228632480016 569.9999999999019 379.99999999999795 -0.11033895403610294 0.07954698733354007 0.0 0.0
63 OPENCV 1140 760 779.1360042734675 778.9228632478547 569.9999999997756 379.9999999999572 -0.11033922402290358 0.07954685493428144 0.0 0.0
64 OPENCV 1140 760 779.1360042738455 778.922863247263 569.9999999998554 379.9999999998888 -0.11033907453863256 0.07954698294826129 0.0 0.0
65 OPENCV 1140 760 779.1360042733468 778.9228632483888 570.0000000003167 380.0000000002054 -0.11033884032788385 0.07954705923745413 0.0 0.0
67 OPENCV 1140 760 779.1360042734008 778.9228632479172 569.9999999999425 379.9999999999499 -0.11033905910504722 0.07954697730320867 0.0 0.0
68 OPENCV 1140 760 779.1360042735118 778.9228632479321 570.0000000000333 380.0000000000803 -0.11033895236893133 0.07954703400240044 0.0 0.0
62 OPENCV 1140 760 779.1360042740839 778.9228632472243 569.9999999997326 380.0000000001547 -0.11033892644414835 0.07954701492423587 0.0 0.0
66 OPENCV 1140 760 779.1360042736026 778.9228632477809 569.9999999998979 380.00000000006264 -0.11033905424681838 0.07954698870372567 0.0 0.0
60 OPENCV 1140 760 779.1360042745893 778.9228632467781 569.999999999649 380.0000000002454 -0.11033893405716656 0.0795470367902314 0.0 0.0
61 OPENCV 1140 760 779.1360042728128 778.9228632486553 569.9999999996184 379.99999999989 -0.11033931636946798 0.0795467252645765 0.0 0.0
50 OPENCV 1140 760 779.1360042734824 778.9228632479415 569.9999999999611 379.9999999999734 -0.11033897541960491 0.07954701643526561 0.0 0.0
53 OPENCV 1140 760 779.136004273682 778.922863247696 570.0000000000697 380.0000000000168 -0.11033889828306286 0.07954703800455391 0.0 0.0
54 OPENCV 1140 760 779.1360042731584 778.9228632481837 569.9999999999567 379.9999999997248 -0.11033899223285476 0.07954699985723238 0.0 0.0
57 OPENCV 1140 760 779.1360042734101 778.9228632479952 569.9999999998817 379.99999999999943 -0.11033903257016218 0.07954695314293599 0.0 0.0
52 OPENCV 1140 760 779.1360042723461 778.9228632488553 569.9999999997061 380.00000000004997 -0.11033909467510113 0.07954695443324543 0.0 0.0
