# Image list with two lines of data per image:
#   IMAGE_ID, QW, QX, QY, QZ, TX, TY, TZ, CAMERA_ID, NAME
#   POINTS2D[] as (X, Y, POINT3D_ID)
# Number of images: 100, mean observations per image: 0.000
0 -0.040391 0.0200387 0.977935 -0.203986 0.9366665022482246 1.1071804995323005 4.502972444160491 0 IMG_2331.JPG

1 -0.0724123 0.017850099999999997 0.978764 -0.19093999999999997 0.9570360302264702 0.9621213386328643 4.4560060801241335 1 IMG_2332.JPG

2 -0.0871594 0.007691550000000002 0.977705 -0.19088400000000003 0.8535299486876303 0.9652669312690422 4.455324483614013 2 IMG_2333.JPG

3 -0.166838 0.013160400000000001 0.968135 -0.18629800000000002 1.3751223372719228 0.8875873863341779 4.318727369472955 3 IMG_2334.JPG

4 -0.19501 0.007464240000000001 0.960801 -0.196919 1.4216914714264353 0.9772468951453084 4.248054423339483 4 IMG_2335.JPG

5 -0.206741 0.018215199999999997 0.955409 -0.21005 1.181364485744879 1.0771734576114795 4.195526115886057 5 IMG_2336.JPG

6 -0.221886 0.015526599999999996 0.953229 -0.204646 1.0483599366065157 1.049759945990501 4.195339743617241 6 IMG_2337.JPG

7 -0.2723979999999999 0.010843899999999997 0.942958 -0.191083 1.1891733581567827 0.905892309925729 4.082581589615308 7 IMG_2338.JPG

8 -0.273413 0.014730799999999999 0.942216 -0.19302099999999997 1.0332290916718108 0.9051892837458779 4.0315764343439575 8 IMG_2339.JPG

9 -0.285187 0.014325499999999996 0.941664 -0.17813599999999996 1.013471371031803 0.7740220066299307 4.0074454315123464 9 IMG_2340.JPG

10 -0.310111 0.0136588 0.932176 -0.186259 1.0883696273159669 0.8320387389750167 3.8770686663106653 10 IMG_2341.JPG

11 -0.310496 0.010059 0.929971 -0.19658400000000004 0.9435189516792597 0.9055168111848071 3.8266838861315664 11 IMG_2342.JPG

12 -0.318559 0.023004400000000005 0.927358 -0.19493099999999997 0.8655699808625916 0.9030129828406992 3.7529499161084723 12 IMG_2343.JPG

13 -0.346024 0.029580800000000008 0.917924 -0.191852 0.921543713788092 0.8668111858032349 3.59415096739816 13 IMG_2344.JPG

14 -0.34331800000000007 0.025377900000000002 0.918198 -0.195963 0.7612619390712023 0.8810209074999802 3.4945143737660773 14 IMG_2345.JPG

15 -0.395869 0.047906500000000005 0.894493 -0.202174 0.9881978625589742 0.9173674618161496 3.2927526880211824 15 IMG_2346.JPG

16 -0.37817900000000004 0.0606952 0.897586 -0.218258 0.6874610220311221 1.0145111440810788 3.2040549892491574 16 IMG_2347.JPG

17 -0.40871599999999997 0.04329849999999998 0.888736 -0.203038 0.6533112186492311 0.9009141368133526 3.2086560550420886 17 IMG_2348.JPG

18 -0.43259100000000006 0.042412 0.880397 -0.189652 0.6085749973769365 0.8149291167148811 3.2319654070254034 18 IMG_2349.JPG

19 -0.436557 0.042849099999999994 0.879034 -0.18676600000000002 0.3383403999975574 0.8046698245137291 3.2770539724314736 19 IMG_2350.JPG

20 -0.48636399999999996 0.03635819999999999 0.852699 -0.18717 0.3898930620224441 0.8109761134012514 3.261400528675311 20 IMG_2351.JPG

21 0.5265598553475568 -0.04927941353765491 -0.8310442282979681 0.17225604732083355 0.39177616931107684 0.7789552886591906 3.246611441064676 21 IMG_2352.JPG

22 0.5669335471381016 -0.04408213521242232 -0.8065106442336171 0.1618171292581012 0.39277154028849925 0.7322758898763899 3.2689445824064154 22 IMG_2353.JPG

23 0.5944271108359376 -0.04315679195305144 -0.7844338537356789 0.1716309679979556 0.3073498972588177 0.7783007713378096 3.1185789290723864 23 IMG_2354.JPG

24 0.6638022120343906 -0.044545485771096016 -0.7334717657114036 0.139287955508063 0.5702796445183123 0.637323659583579 3.0081980937265036 24 IMG_2355.JPG

25 0.6183417703800301 -0.037347313868844545 -0.7713952864559781 0.14563105407977825 0.0043207010980651495 0.6301384021580927 3.0259721304787544 25 IMG_2356.JPG

26 0.7105194905959653 -0.04434653179404129 -0.6894144942725398 0.133805095930946 0.575314814669563 0.6459287676662677 2.9255742253100854 26 IMG_2357.JPG

27 0.6210094762590906 -0.019932084713850294 -0.7695684098089545 0.14735488699180774 -0.3045895571356463 0.5666471806444064 2.9020257807780654 27 IMG_2358.JPG

28 0.7386174944392462 -0.04525733097721741 -0.6614834527645861 0.12180408337105812 0.42903057131270317 0.6285996907306474 2.8974439634384033 28 IMG_2359.JPG

29 0.6333405852939159 -0.026181617143491293 -0.7594214972624784 0.14654009595315853 -0.45908957864989075 0.5972587240935108 2.8956736491185895 29 IMG_2360.JPG

30 0.794536137339964 -0.040478293003102066 -0.5953468970909797 0.1124089805694829 0.6714717861051387 0.6134178354372838 2.927779051410299 30 IMG_2361.JPG

31 0.6308960704476689 -0.028151341477681915 -0.7620001227173221 0.14330121113743585 -0.8070582802294204 0.5840196241051259 2.8976081881847255 31 IMG_2362.JPG

32 0.8158369889222908 -0.03669390049824212 -0.5670720076998944 0.10720500145566556 0.5520460132283498 0.6013090126981352 2.950930071695879 32 IMG_2363.JPG

33 0.6780777009168714 -0.027052311932093485 -0.7228103188134278 0.13047805755058514 -0.7540276608657974 0.5549954863496657 2.9177025572162507 33 IMG_2364.JPG

34 0.8445833630111063 -0.027356088242050977 -0.5262847737969887 0.09462915932734164 0.5949585829968173 0.5399126461850672 2.963327911690339 34 IMG_2365.JPG

35 0.7215818129830532 -0.04382971135962203 -0.6772591755295214 0.13681703545973184 -0.6461093362750254 0.6923533283607654 2.921261517694805 35 IMG_2366.JPG

36 0.8455208974182424 -0.028421603448214806 -0.525320063733787 0.09124431107009973 0.3223830633045298 0.5306810962982186 2.8946705741355485 36 IMG_2367.JPG

37 0.7658154812797858 -0.0987238379565723 -0.6160346128503535 0.15582390207178728 -0.44067641364218557 1.038899039231638 2.7469665731889332 37 IMG_2368.JPG

38 0.8293553121683372 -0.05982537748179173 -0.5411417963148052 0.12552295275329448 -0.12693890974306798 0.8368695329296412 3.021208029431012 38 IMG_2369.JPG

39 0.8501026392681005 -0.06591712797121148 -0.5114662170350887 0.10669104527317681 -0.2164651626854679 0.8510774594468205 3.0529421020299097 39 IMG_2370.JPG

40 0.8727343115856967 -0.05624977991756154 -0.47345483096596064 0.1049339625362117 -0.12254392953310722 0.8186906338463432 3.088528385713582 40 IMG_2371.JPG

41 0.8891372887615894 -0.060719980280206524 -0.44407585577919945 0.09243626997982961 -0.11186894224047683 0.8415177084716328 3.1334286374011846 41 IMG_2372.JPG

42 0.886044502403903 -0.06436893614910236 -0.4502992528846173 0.08951315026990074 -0.33570927464914346 0.8679955169850408 3.133192403212309 42 IMG_2373.JPG

43 0.8983752541433897 -0.06647778119394614 -0.4250128797671196 0.08869357490926866 -0.3386528704931726 0.9071207453911854 3.1483988770020934 43 IMG_2374.JPG

44 0.9098212183793694 -0.06553818426922729 -0.40182690355168127 0.08040618070054324 -0.35411589381217956 0.9210998045524855 3.2103791098108125 44 IMG_2375.JPG

45 0.9199418206502844 -0.06359201239774827 -0.37868107382676613 0.07914421542976897 -0.3768690825265635 0.9299201525401517 3.2333906635486622 45 IMG_2376.JPG

46 0.9222181110509108 -0.06471849220678028 -0.37522495481646095 0.06731619189397256 -0.523984930552823 0.9391619154537048 3.2574395955005393 46 IMG_2377.JPG

47 0.9343165639832679 -0.062416729127949364 -0.34642616166633267 0.05608692617402687 -0.5094452326440977 0.9328252658142034 3.2927713829267518 47 IMG_2378.JPG

48 0.9391470023148399 -0.05664479986038006 -0.33458799917529664 0.05333989986852609 -0.6225029986312105 0.9119839986672669 3.3233199930936923 48 IMG_2379.JPG

49 0.9399379143336171 -0.03998110364389623 -0.33595203061882306 0.04532640413106939 -0.8158770634196795 0.7975120415162144 3.3214502517708593 49 IMG_2380.JPG

50 0.9453823203981763 -0.057957980357536736 -0.3179198922541854 0.04266158554161788 -0.8684687618319153 0.921086842736303 3.2534591516134252 50 IMG_2381.JPG

51 0.9583598586027849 -0.04973360733773694 -0.2781450410377459 0.04133170609811358 -0.7830840729367244 0.875358056633748 3.2835602933580756 51 IMG_2382.JPG

52 0.9557353063910217 -0.03834848770618181 -0.28756690781135075 0.04903708427961479 -1.025419789568467 0.7730528617819865 3.1696993540155143 52 IMG_2383.JPG

53 0.9647546740740622 -0.0204282069013195 -0.2597970877679924 0.03655991235113963 -1.000840175949702 0.6329500898023446 3.0824605398276264 53 IMG_2384.JPG

54 0.9773079476394071 0.015974200855839334 -0.20906801120110038 0.030076101611367662 -0.949644017408596 0.4063300070061936 3.1511800579483134 54 IMG_2385.JPG

55 0.7041362146211981 -0.015831795174456563 -0.07215367800750307 0.706211784746101 -1.0019294340346818 -0.048722974338582775 3.284619994875584 55 IMG_2386.JPG

56 0.64015618039819 0.20643926430702886 -0.25225932297108006 0.6956648906693256 -0.7200617333489904 -1.965212486151012 2.7352402063566097 56 IMG_2387.JPG

57 0.9951453219607074 -0.01044599662039154 -0.09622156886929606 0.017834594229947823 -0.7545209814124799 0.6555749823929863 3.3977299158932746 57 IMG_2388.JPG

58 0.9999999337149852 0.00036005902386651773 -4.885910323862638e-05 -2.324500154079527e-05 -0.3357629999999792 0.6093100000000369 3.528110000000245 58 IMG_2389.JPG

59 0.9968720626843296 0.0249170984331874 -0.07215779546264411 0.020456798713655605 -1.0980499964022599 0.39923399826363737 3.4094099894931094 59 IMG_2390.JPG

60 0.9886304809257249 -0.11342594482318487 0.09461555397362624 -0.028146086308146665 -0.09317991501590661 1.4653098931936643 3.4047897014736916 60 IMG_2391.JPG

61 0.9834227056636174 -0.09260302771588645 -0.1537520460176557 0.025783507716948244 -1.917530130456528 1.1787401155504253 2.952970220507036 61 IMG_2392.JPG

62 0.986251653836256 0.020428207170078923 0.1625580570561131 -0.02156990757080337 0.090098006645154 0.49845503658227486 3.7797902819897153 62 IMG_2393.JPG

63 0.9897644383929896 -0.014126993742776036 0.1398499380567161 -0.0246730890716279 -0.39972297280230296 0.781682955244662 3.7823197307490384 63 IMG_2394.JPG

64 0.982266401798913 -0.0042979182419233914 0.18563292406628434 -0.02597368937538288 -0.246150973116549 0.698917941302743 3.7959395760445815 64 IMG_2395.JPG

65 0.9724207196419767 -0.011829703410613577 0.2301980663682447 -0.03559331026188257 -0.1282420141596059 0.7498850684321825 3.7432904472879835 65 IMG_2396.JPG

66 0.9604479671681094 0.0018833100643789451 0.27427600937583285 -0.04805030164254831 -0.07359480144033648 0.6837050132612821 3.8659500756402947 66 IMG_2397.JPG

67 0.9478537646187517 -0.014804503676412778 0.3133790778216461 -0.05610411393237394 0.0616477121757506 0.8213221277450111 3.89722071032862 67 IMG_2398.JPG

68 0.9412412112825054 0.007231608376704441 0.33272992531135787 -0.05747548709834685 -0.034404893836446515 0.6565988771687623 3.9176492896962127 68 IMG_2399.JPG

69 0.9525701548563182 0.022590496327533842 0.2996549512860341 -0.04802759219230492 -0.6063699348249179 0.5410119263601963 3.9448395712007738 69 IMG_2400.JPG

70 0.9330410750816011 0.03598359710440797 0.3545139714723398 -0.0495918960093512 -0.3939229726597022 0.4303119566217302 4.024829709742891 70 IMG_2401.JPG

71 0.9183982992731043 0.0089331370890097 0.39069387268682193 -0.06183007985178546 -0.3118018925761674 0.6573677779977696 4.028318612725724 71 IMG_2402.JPG

72 0.9057248641890041 0.001218400182695787 0.4184530627458966 -0.06751351012346689 -0.36528606461648483 0.7143181144542328 3.9950507082285522 72 IMG_2403.JPG

73 0.901698589059475 0.00410038732130713 0.42521872221395934 -0.07817694892871838 -0.5873685333861376 0.7256994274173908 3.888956910092409 73 IMG_2404.JPG

74 0.864834398590446 0.004560457898145835 0.4933297726308932 -0.09309225709502138 -0.22483184366528852 0.7323334964382856 3.8265073391017053 74 IMG_2405.JPG

75 0.8587158590471881 0.014646202404081687 0.5036940826782048 -0.09319291529702889 -0.40682710315270953 0.6652671793823921 3.7564809533241204 75 IMG_2406.JPG

76 0.8435610173940413 0.016621199657274533 0.529017989091766 -0.09093129812501674 -0.43236298538980944 0.6231229780451697 3.6983998749422757 76 IMG_2407.JPG

77 0.8216961580446129 0.007048348644324018 0.5589308924955012 -0.11118397861492708 -0.3640938770642246 0.7411137554542191 3.616628778441831 77 IMG_2408.JPG

78 0.8463123543439266 0.010822795468583876 0.5238027806880511 -0.09627395969087887 -0.9935293235517305 0.6644155525134259 3.4634176413803752 78 IMG_2409.JPG

79 0.8347065074625594 0.004297422535789803 0.5392413181913398 -0.11165006588160599 -1.1037311013196411 0.761219706769376 3.3688933711257683 79 IMG_2410.JPG

80 0.8151603273726442 -0.0011689395305475958 0.5653437729548974 -0.1260889493619992 -1.1482191776998365 0.8554814607101089 3.3635275743679167 80 IMG_2411.JPG

81 0.7880344588845337 -0.007521985619830028 0.6028736489372372 -0.12445092753027681 -1.117318777130488 0.8519542414236811 3.3859262513410755 81 IMG_2412.JPG

82 0.593820137754583 -0.005528408717517693 0.7909178165225927 -0.14763396575181806 0.8765206282593787 0.7935387212280707 3.467058520458687 82 IMG_2413.JPG

83 0.5568044913896596 0.008526942474818144 0.8182532778765962 -0.1426758740859455 0.9176606152790674 0.6834660805785522 3.5332046443149263 83 IMG_2414.JPG

84 0.7799401423710348 -0.012601497699709892 0.6117038883389548 -0.13172997595387725 -1.33269953777544 0.9131877546214366 3.357008816338181 84 IMG_2415.JPG

85 0.7317859916704064 -0.02890860032905371 0.6666600075882936 -0.1386290015779521 -1.0769000240945705 0.9992830157730273 3.5076600808761995 85 IMG_2416.JPG

86 0.6885392686305626 -0.02412129058918106 0.7088857234312499 -0.15103794107318963 -0.9381302774871161 1.0316194186715664 3.593727156188918 86 IMG_2417.JPG

87 0.6529072723955524 -0.034809985477127325 0.7394676914909624 -0.16027293313345678 -0.9029292764914144 1.1375093588727374 3.7400268848250895 87 IMG_2418.JPG

88 0.5388722840572152 -0.011806393776460188 0.8233625659784186 -0.17762490636804984 -0.1312878890758491 1.1370592323947961 4.048426434469594 88 IMG_2419.JPG

89 0.495686 -0.012408900000000004 0.851822 -0.16894200000000004 0.049388013136262066 1.071471797583011 4.178279055278492 89 IMG_2420.JPG

90 0.49163999999999997 -0.021993599999999995 0.852391 -0.17673399999999997 -0.21297433618778516 1.2131670885118457 4.293715875236688 90 IMG_2421.JPG

91 0.43983000000000005 -0.00793403 0.881052 -0.17387600000000003 0.03353846960595552 1.118626790081068 4.403963740878876 91 IMG_2422.JPG

92 0.44462699999999994 0.012265499999999997 0.882405 -0.15335399999999996 -0.3461936038997795 0.896814096570219 4.516494833309931 92 IMG_2423.JPG

93 0.40497999999999995 0.0021419900000000007 0.898004 -0.17197599999999996 -0.2436072588299676 1.073780926814961 4.522514836309316 93 IMG_2424.JPG

94 0.366511 0.017546299999999997 0.916568 -0.158946 -0.1673643652217387 0.8950309603022781 4.6333325415446 94 IMG_2425.JPG

95 0.343008 0.009765720000000002 0.92421 -0.16759000000000002 -0.19053026419621277 0.9983851605488778 4.615866384693669 95 IMG_2426.JPG

96 0.288692 0.02473059999999999 0.940435 -0.17784199999999997 0.04934607389120815 0.99834139433463 4.555287383567783 96 IMG_2427.JPG

97 0.249072 0.027042100000000003 0.953241 -0.169005 0.1557815572925949 0.881292704567201 4.493506982205293 97 IMG_2428.JPG

98 0.18708399999999997 0.0244132 0.96882 -0.16059599999999996 0.41286351532657406 0.7815611346925241 4.488914706221711 98 IMG_2429.JPG

99 0.158968 0.019904499999999995 0.971409 -0.17521 0.37178444587826087 0.9031831051408683 4.422227379951311 99 IMG_2430.JPG

