# Camera list with one line of data per camera:
#   CAMERA_ID, MODEL, WIDTH, HEIGHT, PARAMS[]
# Number of cameras: 14
35 OPENCV 1140 760 779.1360042737371 778.9228632475475 569.9999999998543 379.9999999999192 -0.11033901934465866 0.07954698686643423 0.0 0.0
36 OPENCV 1140 760 779.1360042734049 778.9228632482308 570.000000000276 380.0000000002069 -0.11033912431284346 0.07954689521712281 0.0 0.0
37 OPENCV 1140 760 779.1360042741618 778.9228632472543 569.9999999995937 380.00000000010556 -0.110338823203611 0.07954704505674934 0.0 0.0
38 OPENCV 1140 760 779.1360042736288 778.9228632475978 569.9999999999416 379.99999999999045 -0.11033895969321089 0.07954699716085613 0.0 0.0
39 OPENCV 1140 760 779.1360042731594 778.9228632483424 570.0000000005772 379.9999999999839 -0.1103389006765556 0.07954704281692926 0.0 0.0
41 OPENCV 1140 760 779.1360042733676 778.9228632479814 569.9999999998457 379.9999999995077 -0.11033901415726834 0.0795470559295914 0.0 0.0
42 OPENCV 1140 760 779.1360042731959 778.922863248226 570.0000000000557 379.99999999999056 -0.11033896136526507 0.07954699876419687 0.0 0.0
43 OPENCV 1140 760 779.1360042732662 778.9228632478034 569.9999999998969 380.0000000003457 -0.11033941216423462 0.07954677557164516 0.0 0.0
44 OPENCV 1140 760 779.1360042736064 778.9228632478524 570.000000000155 380.00000000030866 -0.11033898934714811 0.07954698971785308 0.0 0.0
46 OPENCV 1140 760 779.1360042734924 778.9228632479395 569.9999999999008 380.00000000006173 -0.1103390664182474 0.07954695992664047 0.0 0.0
47 OPENCV 1140 760 779.1360042734667 778.9228632478842 569.9999999999145 379.9999999999571 -0.1103390607311931 0.07954695721312309 0.0 0.0
48 OPENCV 1140 760 779.1360042739527 778.9228632475639 569.9999999999145 379.99999999983413 -0.11033895931042431 0.07954700653948735 0.0 0.0
49 OPENCV 1140 760 779.1360042733493 778.9228632479036 570.0000000000019 379.9999999999604 -0.11033904181274981 0.07954699210464297 0.0 0.0
51 OPENCV 1140 760 779.1360042734457 778.9228632480447 569.9999999998581 380.00000000002177 -0.110339034591698 0.07954696318047803 0.0 0.0
