# Camera list with one line of data per camera:
#   CAMERA_ID, MODEL, WIDTH, HEIGHT, PARAMS[]
# Number of cameras: 28
0 OPENCV 1140 760 779.1360042728818 778.9228632482558 569.9999999999299 380.0000000001084 -0.11033896953005545 0.07954701869631807 0.0 0.0
1 OPENCV 1140 760 779.1360042736911 778.9228632478414 570.0000000000022 379.9999999998312 -0.11033891918569008 0.07954707353579242 0.0 0.0
2 OPENCV 1140 760 779.1360042743423 778.9228632471799 569.9999999997863 380.0000000001355 -0.11033899126235606 0.07954698909052194 0.0 0.0
3 OPENCV 1140 760 779.1360042730541 778.9228632482874 570.0000000000673 379.9999999998306 -0.11033909839740445 0.07954691723584031 0.0 0.0
4 OPENCV 1140 760 779.1360042736934 778.9228632476594 569.999999999943 380.0000000001763 -0.1103390835455025 0.07954694476174574 0.0 0.0
5 OPENCV 1140 760 779.1360042738904 778.9228632476215 570.0000000001379 380.000000000218 -0.11033897780460097 0.0795470085513494 0.0 0.0
6 OPENCV 1140 760 779.1360042735112 778.9228632482763 570.0000000001098 379.99999999999153 -0.11033873656122942 0.07954715071706817 0.0 0.0
7 OPENCV 1140 760 779.1360042737379 778.9228632477065 570.0000000001836 379.9999999999265 -0.11033905135247808 0.07954695875010218 0.0 0.0
8 OPENCV 1140 760 779.1360042728318 778.9228632482516 569.9999999997839 380.00000000008555 -0.11033885661592058 0.07954712172451049 0.0 0.0
9 OPENCV 1140 760 779.1360042731204 778.9228632478178 569.9999999999903 379.99999999981645 -0.11033897555695313 0.07954702965886876 0.0 0.0
10 OPENCV 1140 760 779.1360042737753 778.9228632477206 570.0000000002091 379.9999999998561 -0.11033917208887357 0.07954684337824293 0.0 0.0
11 OPENCV 1140 760 779.1360042737456 778.9228632478381 570.0000000001336 380.0000000001457 -0.11033912168231895 0.07954688494126197 0.0 0.0
12 OPENCV 1140 760 779.1360042747842 778.9228632468875 570.000000000355 379.9999999996144 -0.11033889046447663 0.07954706261780974 0.0 0.0
13 OPENCV 1140 760 779.1360042733138 778.9228632480083 570.0000000001672 379.999999999913 -0.11033902416410842 0.07954695261000788 0.0 0.0
14 OPENCV 1140 760 779.1360042736502 778.9228632478548 569.9999999996847 380.00000000019713 -0.11033895956828825 0.07954701698209751 0.0 0.0
15 OPENCV 1140 760 779.1360042727144 778.9228632486518 570.0000000003113 380.00000000080985 -0.1103393446364313 0.07954671597027861 0.0 0.0
16 OPENCV 1140 760 779.1360042741005 778.9228632471533 569.9999999996131 379.99999999954287 -0.11033892941040807 0.07954702115008525 0.0 0.0
17 OPENCV 1140 760 779.1360042723198 778.9228632484463 570.0000000000529 379.999999999908 -0.1103395213140455 0.07954663957381534 0.0 0.0
18 OPENCV 1140 760 779.1360042730751 778.9228632478447 570.0000000003627 379.9999999998559 -0.11033914772010463 0.07954690250158687 0.0 0.0
19 OPENCV 1140 760 779.1360042731244 778.9228632482398 569.9999999996629 379.9999999999844 -0.11033896186906976 0.07954699013884765 0.0 0.0
20 OPENCV 1140 760 779.1360042736352 778.9228632479764 569.9999999997796 380.00000000020566 -0.11033879017073012 0.07954708545888213 0.0 0.0
21 OPENCV 1140 760 779.1360042732686 778.9228632481019 570.0000000000342 379.99999999991746 -0.11033907740493899 0.07954693131504008 0.0 0.0
22 OPENCV 1140 760 779.1360042737108 778.9228632476961 570.0000000000582 380.0000000000489 -0.11033901110012595 0.07954697342638017 0.0 0.0
23 OPENCV 1140 760 779.1360042743488 778.9228632473154 569.9999999997434 380.00000000012756 -0.11033894559168911 0.0795469735930311 0.0 0.0
38 OPENCV 1140 760 779.1360042734864 778.9228632478853 569.9999999999959 380.00000000000017 -0.11033900557914722 0.07954699398925927 0.0 0.0
40 OPENCV 1140 760 779.1360042734894 778.9228632478878 570.0000000000149 379.9999999999946 -0.11033899742646432 0.07954700074264265 0.0 0.0
98 OPENCV 1140 760 779.1360042732963 778.9228632481098 569.9999999999945 380.00000000000256 -0.11033899616328964 0.07954700948210412 0.0 0.0
99 OPENCV 1140 760 779.136004273594 778.9228632477732 570.000000000044 379.99999999995765 -0.11033903218327255 0.07954697509169469 0.0 0.0
