# Camera list with one line of data per camera:
#   CAMERA_ID, MODEL, WIDTH, HEIGHT, PARAMS[]
# Number of cameras: 22
78 OPENCV 1140 760 779.1360042735499 778.9228632478008 570.000000000022 379.99999999999017 -0.11033898790908098 0.07954701292923975 0.0 0.0
79 OPENCV 1140 760 779.1360042735769 778.9228632477917 570.0000000000025 380.00000000000085 -0.11033907569235323 0.07954695261299782 0.0 0.0
80 OPENCV 1140 760 779.1360042728759 778.922863248462 569.9999999998098 379.9999999999138 -0.11033903747066001 0.07954695218677678 0.0 0.0
81 OPENCV 1140 760 779.1360042729689 778.9228632485459 569.9999999996837 379.9999999999675 -0.11033907865495558 0.0795468312026047 0.0 0.0
82 OPENCV 1140 760 779.1360042743624 778.9228632470983 569.9999999999563 379.9999999998002 -0.11033891175376716 0.07954700836693324 0.0 0.0
83 OPENCV 1140 760 779.1360042743821 778.9228632472974 570.0000000000689 380.0000000002339 -0.1103389938151347 0.07954694358568651 0.0 0.0
84 OPENCV 1140 760 779.136004273189 778.9228632482198 569.9999999995459 379.9999999995215 -0.11033941715356418 0.07954667484054119 0.0 0.0
85 OPENCV 1140 760 779.1360042739769 778.92286324739 569.9999999999585 380.00000000024494 -0.11033885203888348 0.07954706884011767 0.0 0.0
86 OPENCV 1140 760 779.1360042737118 778.9228632477384 569.9999999997628 380.0000000003018 -0.11033893317225275 0.07954697648048242 0.0 0.0
87 OPENCV 1140 760 779.1360042729203 778.9228632485845 570.0000000000106 379.99999999995697 -0.11033910160115783 0.07954696760904018 0.0 0.0
88 OPENCV 1140 760 779.136004273784 778.9228632475255 569.9999999996979 379.9999999999274 -0.11033895776307659 0.07954701927596092 0.0 0.0
89 OPENCV 1140 760 779.1360042737999 778.9228632477633 570.0000000003041 380.0000000000665 -0.11033891686385118 0.07954705067920828 0.0 0.0
90 OPENCV 1140 760 779.1360042732928 778.922863248022 569.9999999999699 380.0000000000135 -0.11033902316539353 0.07954699631883817 0.0 0.0
91 OPENCV 1140 760 779.1360042733919 778.9228632479544 569.9999999999696 379.9999999999777 -0.1103390732642895 0.0795469644985034 0.0 0.0
92 OPENCV 1140 760 779.1360042734838 778.922863247878 570.0000000000584 379.9999999998998 -0.11033896711121796 0.07954702392306658 0.0 0.0
94 OPENCV 1140 760 779.136004273352 778.92286324795 570.000000000005 379.99999999999085 -0.11033899027648683 0.07954701816610779 0.0 0.0
95 OPENCV 1140 760 779.136004273643 778.9228632477955 570.0000000000088 380.0000000000927 -0.11033906597505158 0.07954694341885041 0.0 0.0
98 OPENCV 1140 760 779.1360042735048 778.9228632478566 569.9999999999872 379.99999999999676 -0.11033899477763918 0.0795470026500736 0.0 0.0
96 OPENCV 1140 760 779.1360042735434 778.9228632477434 569.9999999997467 379.9999999999761 -0.11033897774452268 0.07954703133830202 0.0 0.0
97 OPENCV 1140 760 779.1360042735106 778.9228632479621 569.9999999999329 379.9999999998381 -0.11033899964042508 0.07954698512350272 0.0 0.0
99 OPENCV 1140 760 779.1360042735487 778.9228632478507 570.0000000000745 380.0000000000392 -0.11033899524704172 0.07954699749144337 0.0 0.0
93 OPENCV 1140 760 779.1360042734042 778.9228632480217 569.9999999999959 380.00000000001296 -0.11033896383730862 0.07954702456710218 0.0 0.0
