# Camera list with one line of data per camera:
#   CAMERA_ID, MODEL, WIDTH, HEIGHT, PARAMS[]
# Number of cameras: 19
27 OPENCV 1140 760 779.1360042733068 778.9228632478585 569.9999999999875 379.99999999995697 -0.11033887544290535 0.07954706370342983 0.0 0.0
28 OPENCV 1140 760 779.1360042733264 778.9228632481392 569.99999999983 380.00000000009004 -0.1103389355783058 0.07954700034109816 0.0 0.0
29 OPENCV 1140 760 779.136004273674 778.9228632478723 569.9999999998697 379.9999999999612 -0.11033900801923237 0.07954695999453092 0.0 0.0
32 OPENCV 1140 760 779.1360042737696 778.9228632475412 569.9999999999816 379.9999999999479 -0.11033908738995875 0.0795469180404331 0.0 0.0
34 OPENCV 1140 760 779.1360042748879 778.9228632472431 570.0000000008042 379.9999999998579 -0.11033911999960515 0.07954680891728248 0.0 0.0
35 OPENCV 1140 760 779.136004273527 778.9228632478582 569.9999999996899 380.00000000009254 -0.11033924080250965 0.07954683315635382 0.0 0.0
36 OPENCV 1140 760 779.1360042729664 778.9228632481252 569.9999999998265 380.0000000001477 -0.11033907141911807 0.07954700723885672 0.0 0.0
37 OPENCV 1140 760 779.1360042731494 778.9228632482127 569.9999999997885 379.9999999999962 -0.11033915144916091 0.07954689117676747 0.0 0.0
38 OPENCV 1140 760 779.1360042734534 778.9228632479712 569.9999999998497 379.99999999992474 -0.11033908579736491 0.07954692324180579 0.0 0.0
40 OPENCV 1140 760 779.1360042735471 778.9228632478766 569.9999999999596 380.0000000000978 -0.110339025758721 0.0795469784585304 0.0 0.0
21 OPENCV 1140 760 779.136004273034 778.922863248129 569.9999999997193 379.99999999991826 -0.11033902245264801 0.07954699190974124 0.0 0.0
22 OPENCV 1140 760 779.1360042741893 778.9228632474452 570.0000000002099 379.9999999999817 -0.11033899140433451 0.07954699041471286 0.0 0.0
23 OPENCV 1140 760 779.1360042733886 778.9228632482161 569.9999999994359 380.00000000025244 -0.11033909418800454 0.07954684797815394 0.0 0.0
24 OPENCV 1140 760 779.1360042738997 778.9228632478705 570.0000000011102 380.0000000001658 -0.11033877621307225 0.07954710741401275 0.0 0.0
25 OPENCV 1140 760 779.1360042747015 778.9228632470838 569.999999999742 379.99999999994253 -0.11033897130583162 0.07954690974601338 0.0 0.0
26 OPENCV 1140 760 779.1360042721562 778.9228632489265 570.0000000005298 380.0000000000059 -0.11033950926475479 0.07954663490457146 0.0 0.0
30 OPENCV 1140 760 779.1360042739584 778.9228632478145 570.0000000005753 379.9999999999714 -0.11033940995289354 0.07954667354494209 0.0 0.0
31 OPENCV 1140 760 779.1360042733567 778.9228632481895 569.9999999998612 379.99999999981213 -0.11033905003761166 0.07954695361211371 0.0 0.0
33 OPENCV 1140 760 779.1360042736044 778.9228632475608 569.9999999999571 380.00000000007395 -0.11033913498849131 0.07954690483423492 0.0 0.0
