# Camera list with one line of data per camera:
#   CAMERA_ID, MODEL, WIDTH, HEIGHT, PARAMS[]
# Number of cameras: 11
58 OPENCV 1140 760 779.1360042733317 778.922863248066 570.0000000000264 380.00000000001654 -0.11033898800477296 0.07954697728926267 0.0 0.0
62 OPENCV 1140 760 779.1360042740839 778.9228632472243 569.9999999997326 380.0000000001547 -0.11033892644414835 0.07954701492423587 0.0 0.0
63 OPENCV 1140 760 779.1360042729801 778.922863248282 570.0000000001194 379.9999999997466 -0.11033904435551149 0.07954700114044681 0.0 0.0
64 OPENCV 1140 760 779.1360042735115 778.9228632479019 570.0000000001053 380.0000000000508 -0.11033889601279423 0.07954707269728419 0.0 0.0
65 OPENCV 1140 760 779.1360042735977 778.9228632477858 569.9999999999368 380.0000000000664 -0.11033899764326638 0.07954698879237408 0.0 0.0
67 OPENCV 1140 760 779.1360042734793 778.9228632478925 570.0000000000093 379.9999999999774 -0.11033899632686706 0.07954700010120495 0.0 0.0
66 OPENCV 1140 760 779.1360042736026 778.9228632477809 569.9999999998979 380.00000000006264 -0.11033905424681838 0.07954698870372567 0.0 0.0
68 OPENCV 1140 760 779.1360042737125 778.9228632476301 570.0000000000053 379.99999999991 -0.11033893498065242 0.0795470502577071 0.0 0.0
59 OPENCV 1140 760 779.1360042732603 778.9228632480842 570.0000000000522 379.9999999999356 -0.11033892309128777 0.07954706534897116 0.0 0.0
60 OPENCV 1140 760 779.1360042745893 778.9228632467781 569.999999999649 380.0000000002454 -0.11033893405716656 0.0795470367902314 0.0 0.0
61 OPENCV 1140 760 779.1360042728128 778.9228632486553 569.9999999996184 379.99999999989 -0.11033931636946798 0.0795467252645765 0.0 0.0
