# Image list with two lines of data per image:
#   IMAGE_ID, QW, QX, QY, QZ, TX, TY, TZ, CAMERA_ID, NAME
#   POINTS2D[] as (X, Y, POINT3D_ID)
# Number of images: 100, mean observations per image: 305.500
0 -0.040391 0.0200387 0.977935 -0.203986 0.9366665022482246 1.1071804995323005 4.502972444160491 0 IMG_2331.JPG

1 -0.0724123 0.017850099999999997 0.978764 -0.19093999999999997 0.9570360302264702 0.9621213386328643 4.4560060801241335 1 IMG_2332.JPG

2 -0.0871594 0.007691550000000002 0.977705 -0.19088400000000003 0.8535299486876303 0.9652669312690422 4.455324483614013 2 IMG_2333.JPG

3 -0.166838 0.013160400000000001 0.968135 -0.18629800000000002 1.3751223372719228 0.8875873863341779 4.318727369472955 3 IMG_2334.JPG

4 -0.19501 0.007464240000000001 0.960801 -0.196919 1.4216914714264353 0.9772468951453084 4.248054423339483 4 IMG_2335.JPG

5 -0.206741 0.018215199999999997 0.955409 -0.21005 1.181364485744879 1.0771734576114795 4.195526115886057 5 IMG_2336.JPG

6 -0.221886 0.015526599999999996 0.953229 -0.204646 1.0483599366065157 1.049759945990501 4.195339743617241 6 IMG_2337.JPG

7 -0.2723979999999999 0.010843899999999997 0.942958 -0.191083 1.1891733581567827 0.905892309925729 4.082581589615308 7 IMG_2338.JPG

8 -0.273413 0.014730799999999999 0.942216 -0.19302099999999997 1.0332290916718108 0.9051892837458779 4.0315764343439575 8 IMG_2339.JPG

9 -0.285187 0.014325499999999996 0.941664 -0.17813599999999996 1.013471371031803 0.7740220066299307 4.0074454315123464 9 IMG_2340.JPG

10 -0.310111 0.0136588 0.932176 -0.186259 1.0883696273159669 0.8320387389750167 3.8770686663106653 10 IMG_2341.JPG

11 -0.310496 0.010059 0.929971 -0.19658400000000004 0.9435189516792597 0.9055168111848071 3.8266838861315664 11 IMG_2342.JPG

12 -0.318559 0.023004400000000005 0.927358 -0.19493099999999997 0.8655699808625916 0.9030129828406992 3.7529499161084723 12 IMG_2343.JPG

13 -0.346024 0.029580800000000008 0.917924 -0.191852 0.921543713788092 0.8668111858032349 3.59415096739816 13 IMG_2344.JPG

14 -0.34331800000000007 0.025377900000000002 0.918198 -0.195963 0.7612619390712023 0.8810209074999802 3.4945143737660773 14 IMG_2345.JPG

15 -0.395869 0.047906500000000005 0.894493 -0.202174 0.9881978625589742 0.9173674618161496 3.2927526880211824 15 IMG_2346.JPG

16 -0.37817900000000004 0.0606952 0.897586 -0.218258 0.6874610220311221 1.0145111440810788 3.2040549892491574 16 IMG_2347.JPG

17 -0.40871599999999997 0.04329849999999998 0.888736 -0.203038 0.6533112186492311 0.9009141368133526 3.2086560550420886 17 IMG_2348.JPG

18 -0.43259100000000006 0.042412 0.880397 -0.189652 0.6085749973769365 0.8149291167148811 3.2319654070254034 18 IMG_2349.JPG

19 -0.436557 0.042849099999999994 0.879034 -0.18676600000000002 0.3383403999975574 0.8046698245137291 3.2770539724314736 19 IMG_2350.JPG

20 -0.48636399999999996 0.03635819999999999 0.852699 -0.18717 0.3898930620224441 0.8109761134012514 3.261400528675311 20 IMG_2351.JPG

21 0.5265598553475568 -0.04927941353765491 -0.8310442282979681 0.17225604732083355 0.39177616931107684 0.7789552886591906 3.246611441064676 21 IMG_2352.JPG

22 0.5669335471381016 -0.04408213521242232 -0.8065106442336171 0.1618171292581012 0.39277154028849925 0.7322758898763899 3.2689445824064154 22 IMG_2353.JPG

23 0.5944271108359376 -0.04315679195305144 -0.7844338537356789 0.1716309679979556 0.3073498972588177 0.7783007713378096 3.1185789290723864 23 IMG_2354.JPG

24 0.6638022120343906 -0.044545485771096016 -0.7334717657114036 0.139287955508063 0.5702796445183123 0.637323659583579 3.0081980937265036 24 IMG_2355.JPG

25 0.6183417703800301 -0.037347313868844545 -0.7713952864559781 0.14563105407977825 0.0043207010980651495 0.6301384021580927 3.0259721304787544 25 IMG_2356.JPG

26 0.7105194905959653 -0.04434653179404129 -0.6894144942725398 0.133805095930946 0.575314814669563 0.6459287676662677 2.9255742253100854 26 IMG_2357.JPG

27 0.6210094762590906 -0.019932084713850294 -0.7695684098089545 0.14735488699180774 -0.3045895571356463 0.5666471806444064 2.9020257807780654 27 IMG_2358.JPG

28 0.7386174944392462 -0.04525733097721741 -0.6614834527645861 0.12180408337105812 0.42903057131270317 0.6285996907306474 2.8974439634384033 28 IMG_2359.JPG

29 0.6333405852939159 -0.026181617143491293 -0.7594214972624784 0.14654009595315853 -0.45908957864989075 0.5972587240935108 2.8956736491185895 29 IMG_2360.JPG

30 0.794536137339964 -0.040478293003102066 -0.5953468970909797 0.1124089805694829 0.6714717861051387 0.6134178354372838 2.927779051410299 30 IMG_2361.JPG

31 0.6308960704476689 -0.028151341477681915 -0.7620001227173221 0.14330121113743585 -0.8070582802294204 0.5840196241051259 2.8976081881847255 31 IMG_2362.JPG

32 0.8158369889222908 -0.03669390049824212 -0.5670720076998944 0.10720500145566556 0.5520460132283498 0.6013090126981352 2.950930071695879 32 IMG_2363.JPG

33 0.6780777009168714 -0.027052311932093485 -0.7228103188134278 0.13047805755058514 -0.7540276608657974 0.5549954863496657 2.9177025572162507 33 IMG_2364.JPG

34 0.8445833630111063 -0.027356088242050977 -0.5262847737969887 0.09462915932734164 0.5949585829968173 0.5399126461850672 2.963327911690339 34 IMG_2365.JPG

35 0.7215818129830532 -0.04382971135962203 -0.6772591755295214 0.13681703545973184 -0.6461093362750254 0.6923533283607654 2.921261517694805 35 IMG_2366.JPG

36 0.8455208974182424 -0.028421603448214806 -0.525320063733787 0.09124431107009973 0.3223830633045298 0.5306810962982186 2.8946705741355485 36 IMG_2367.JPG

37 0.7658154812797858 -0.0987238379565723 -0.6160346128503535 0.15582390207178728 -0.44067641364218557 1.038899039231638 2.7469665731889332 37 IMG_2368.JPG

38 0.8293553121683372 -0.05982537748179173 -0.5411417963148052 0.12552295275329448 -0.12693890974306798 0.8368695329296412 3.021208029431012 38 IMG_2369.JPG

39 0.8501026392681005 -0.06591712797121148 -0.5114662170350887 0.10669104527317681 -0.2164651626854679 0.8510774594468205 3.0529421020299097 39 IMG_2370.JPG

40 0.8727343115856967 -0.05624977991756154 -0.47345483096596064 0.1049339625362117 -0.12254392953310722 0.8186906338463432 3.088528385713582 40 IMG_2371.JPG

41 0.8891372887615894 -0.060719980280206524 -0.44407585577919945 0.09243626997982961 -0.11186894224047683 0.8415177084716328 3.1334286374011846 41 IMG_2372.JPG

42 0.886044502403903 -0.06436893614910236 -0.4502992528846173 0.08951315026990074 -0.33570927464914346 0.8679955169850408 3.133192403212309 42 IMG_2373.JPG

43 0.8983752541433897 -0.06647778119394614 -0.4250128797671196 0.08869357490926866 -0.3386528704931726 0.9071207453911854 3.1483988770020934 43 IMG_2374.JPG

44 0.9098212183793694 -0.06553818426922729 -0.40182690355168127 0.08040618070054324 -0.35411589381217956 0.9210998045524855 3.2103791098108125 44 IMG_2375.JPG

45 0.9199418206502844 -0.06359201239774827 -0.37868107382676613 0.07914421542976897 -0.3768690825265635 0.9299201525401517 3.2333906635486622 45 IMG_2376.JPG

46 0.9222181110509108 -0.06471849220678028 -0.37522495481646095 0.06731619189397256 -0.523984930552823 0.9391619154537048 3.2574395955005393 46 IMG_2377.JPG

47 0.9343165639832679 -0.062416729127949364 -0.34642616166633267 0.05608692617402687 -0.5094452326440977 0.9328252658142034 3.2927713829267518 47 IMG_2378.JPG

48 0.9391470023148399 -0.05664479986038006 -0.33458799917529664 0.05333989986852609 -0.6225029986312105 0.9119839986672669 3.3233199930936923 48 IMG_2379.JPG

49 0.9399379143336171 -0.03998110364389623 -0.33595203061882306 0.04532640413106939 -0.8158770634196795 0.7975120415162144 3.3214502517708593 49 IMG_2380.JPG

50 0.9453823203981763 -0.057957980357536736 -0.3179198922541854 0.04266158554161788 -0.8684687618319153 0.921086842736303 3.2534591516134252 50 IMG_2381.JPG

51 0.9583598586027849 -0.04973360733773694 -0.2781450410377459 0.04133170609811358 -0.7830840729367244 0.875358056633748 3.2835602933580756 51 IMG_2382.JPG

52 0.9557353063910217 -0.03834848770618181 -0.28756690781135075 0.04903708427961479 -1.025419789568467 0.7730528617819865 3.1696993540155143 52 IMG_2383.JPG

53 0.9647546740740622 -0.0204282069013195 -0.2597970877679924 0.03655991235113963 -1.000840175949702 0.6329500898023446 3.0824605398276264 53 IMG_2384.JPG

54 0.9773079476394071 0.015974200855839334 -0.20906801120110038 0.030076101611367662 -0.949644017408596 0.4063300070061936 3.1511800579483134 54 IMG_2385.JPG

55 0.7041362146211981 -0.015831795174456563 -0.07215367800750307 0.706211784746101 -1.0019294340346818 -0.048722974338582775 3.284619994875584 55 IMG_2386.JPG

56 0.64015618039819 0.20643926430702886 -0.25225932297108006 0.6956648906693256 -0.7200617333489904 -1.965212486151012 2.7352402063566097 56 IMG_2387.JPG

57 0.9951453219607074 -0.01044599662039154 -0.09622156886929606 0.017834594229947823 -0.7545209814124799 0.6555749823929863 3.3977299158932746 57 IMG_2388.JPG

58 0.9999999337149852 0.00036005902386651773 -4.885910323862638e-05 -2.324500154079527e-05 -0.3357629999999792 0.6093100000000369 3.528110000000245 58 IMG_2389.JPG

59 0.9968720626843296 0.0249170984331874 -0.07215779546264411 0.020456798713655605 -1.0980499964022599 0.39923399826363737 3.4094099894931094 59 IMG_2390.JPG

60 0.9886304809257249 -0.11342594482318487 0.09461555397362624 -0.028146086308146665 -0.09317991501590661 1.4653098931936643 3.4047897014736916 60 IMG_2391.JPG

61 0.9834227056636174 -0.09260302771588645 -0.1537520460176557 0.025783507716948244 -1.917530130456528 1.1787401155504253 2.952970220507036 61 IMG_2392.JPG

62 0.986251653836256 0.020428207170078923 0.1625580570561131 -0.02156990757080337 0.090098006645154 0.49845503658227486 3.7797902819897153 62 IMG_2393.JPG

63 0.9897644383929896 -0.014126993742776036 0.1398499380567161 -0.0246730890716279 -0.39972297280230296 0.781682955244662 3.7823197307490384 63 IMG_2394.JPG

64 0.982266401798913 -0.0042979182419233914 0.18563292406628434 -0.02597368937538288 -0.246150973116549 0.698917941302743 3.7959395760445815 64 IMG_2395.JPG

65 0.9724207196419767 -0.011829703410613577 0.2301980663682447 -0.03559331026188257 -0.1282420141596059 0.7498850684321825 3.7432904472879835 65 IMG_2396.JPG

66 0.9604479671681094 0.0018833100643789451 0.27427600937583285 -0.04805030164254831 -0.07359480144033648 0.6837050132612821 3.8659500756402947 66 IMG_2397.JPG

67 0.9478537646187517 -0.014804503676412778 0.3133790778216461 -0.05610411393237394 0.0616477121757506 0.8213221277450111 3.89722071032862 67 IMG_2398.JPG

68 0.9412412112825054 0.007231608376704441 0.33272992531135787 -0.05747548709834685 -0.034404893836446515 0.6565988771687623 3.9176492896962127 68 IMG_2399.JPG

69 0.9525701548563182 0.022590496327533842 0.2996549512860341 -0.04802759219230492 -0.6063699348249179 0.5410119263601963 3.9448395712007738 69 IMG_2400.JPG

70 0.9330410750816011 0.03598359710440797 0.3545139714723398 -0.0495918960093512 -0.3939229726597022 0.4303119566217302 4.024829709742891 70 IMG_2401.JPG

71 0.9183982992731043 0.0089331370890097 0.39069387268682193 -0.06183007985178546 -0.3118018925761674 0.6573677779977696 4.028318612725724 71 IMG_2402.JPG

72 0.9057248641890041 0.001218400182695787 0.4184530627458966 -0.06751351012346689 -0.36528606461648483 0.7143181144542328 3.9950507082285522 72 IMG_2403.JPG

73 0.901698589059475 0.00410038732130713 0.42521872221395934 -0.07817694892871838 -0.5873685333861376 0.7256994274173908 3.888956910092409 73 IMG_2404.JPG

74 0.864834398590446 0.004560457898145835 0.4933297726308932 -0.09309225709502138 -0.22483184366528852 0.7323334964382856 3.8265073391017053 74 IMG_2405.JPG

75 0.8587158590471881 0.014646202404081687 0.5036940826782048 -0.09319291529702889 -0.40682710315270953 0.6652671793823921 3.7564809533241204 75 IMG_2406.JPG

76 0.8435610173940413 0.016621199657274533 0.529017989091766 -0.09093129812501674 -0.43236298538980944 0.6231229780451697 3.6983998749422757 76 IMG_2407.JPG

77 0.8216961580446129 0.007048348644324018 0.5589308924955012 -0.11118397861492708 -0.3640938770642246 0.7411137554542191 3.616628778441831 77 IMG_2408.JPG

78 0.8463123543439266 0.010822795468583876 0.5238027806880511 -0.09627395969087887 -0.9935293235517305 0.6644155525134259 3.4634176413803752 78 IMG_2409.JPG

79 0.8347065074625594 0.004297422535789803 0.5392413181913398 -0.11165006588160599 -1.1037311013196411 0.761219706769376 3.3688933711257683 79 IMG_2410.JPG

80 0.8151603273726442 -0.0011689395305475958 0.5653437729548974 -0.1260889493619992 -1.1482191776998365 0.8554814607101089 3.3635275743679167 80 IMG_2411.JPG

81 0.7880344588845337 -0.007521985619830028 0.6028736489372372 -0.12445092753027681 -1.117318777130488 0.8519542414236811 3.3859262513410755 81 IMG_2412.JPG

82 0.593820137754583 -0.005528408717517693 0.7909178165225927 -0.14763396575181806 0.8765206282593787 0.7935387212280707 3.467058520458687 82 IMG_2413.JPG

83 0.5568044913896596 0.008526942474818144 0.8182532778765962 -0.1426758740859455 0.9176606152790674 0.6834660805785522 3.5332046443149263 83 IMG_2414.JPG

84 0.7799401423710348 -0.012601497699709892 0.6117038883389548 -0.13172997595387725 -1.33269953777544 0.9131877546214366 3.357008816338181 84 IMG_2415.JPG

85 0.7317859916704064 -0.02890860032905371 0.6666600075882936 -0.1386290015779521 -1.0769000240945705 0.9992830157730273 3.5076600808761995 85 IMG_2416.JPG

86 0.6885392686305626 -0.02412129058918106 0.7088857234312499 -0.15103794107318963 -0.9381302774871161 1.0316194186715664 3.593727156188918 86 IMG_2417.JPG

87 0.6529072723955524 -0.034809985477127325 0.7394676914909624 -0.16027293313345678 -0.9029292764914144 1.1375093588727374 3.7400268848250895 87 IMG_2418.JPG

88 0.5388722840572152 -0.011806393776460188 0.8233625659784186 -0.17762490636804984 -0.1312878890758491 1.1370592323947961 4.048426434469594 88 IMG_2419.JPG

89 0.495686 -0.012408900000000004 0.851822 -0.16894200000000004 0.049388013136262066 1.071471797583011 4.178279055278492 89 IMG_2420.JPG

90 0.49163999999999997 -0.021993599999999995 0.852391 -0.17673399999999997 -0.21297433618778516 1.2131670885118457 4.293715875236688 90 IMG_2421.JPG

91 0.43983000000000005 -0.00793403 0.881052 -0.17387600000000003 0.03353846960595552 1.118626790081068 4.403963740878876 91 IMG_2422.JPG
 717.000 127.000 0 725.000 143.000 1 600.000 150.000 2 484.000 151.000 3 581.000 151.000 4 764.000 163.000 5 782.000 168.000 6 584.000 170.000 7 727.000 174.000 8 728.000 179.000 9 771.000 179.000 10 748.000 181.000 11 738.000 192.000 12 818.000 192.000 13 841.000 197.000 14 474.000 198.000 15 387.000 199.000 16 645.000 199.000 17 396.000 206.000 18 676.000 207.000 19 818.000 208.000 20 383.000 209.000 21 511.000 210.000 22 743.000 210.000 23 401.000 211.000 24 579.000 211.000 25 656.000 211.000 26 479.000 214.000 27 730.000 217.000 28 423.000 220.000 29 650.000 223.000 30 616.000 224.000 31 748.000 225.000 32 731.000 227.000 33 760.000 227.000 34 859.000 229.000 35 598.000 230.000 36 429.000 235.000 37 48.000 236.000 38 739.000 237.000 39 872.000 241.000 40 440.000 242.000 41 696.000 242.000 42 674.000 244.000 43 403.000 245.000 44 783.000 248.000 45 860.000 248.000 46 916.000 249.000 47 371.000 251.000 48 618.000 251.000 49 487.000 258.000 50 96.000 259.000 51 427.000 259.000 52 732.000 259.000 53 367.000 263.000 54 440.000 263.000 55 854.000 263.000 56 576.000 264.000 57 709.000 266.000 58 810.000 267.000 59 862.000 268.000 60 652.000 269.000 61 842.000 269.000 62 50.000 271.000 63 688.000 271.000 64 741.000 274.000 65 667.000 276.000 66 330.000 279.000 67 735.000 280.000 68 341.000 283.000 69 427.000 283.000 70 600.000 286.000 71 416.000 288.000 72 269.000 291.000 73 581.000 291.000 74 767.000 292.000 75 244.000 294.000 76 283.000 300.000 77 659.000 301.000 78 736.000 303.000 79 222.000 304.000 80 413.000 304.000 81 454.000 304.000 82 742.000 306.000 83 650.000 308.000 84 437.000 310.000 85 255.000 311.000 86 868.000 313.000 87 222.000 314.000 88 264.000 315.000 89 583.000 317.000 90 989.000 317.000 91 961.000 318.000 92 1000.000 319.000 93 642.000 320.000 94 757.000 320.000 95 778.000 321.000 96 1011.000 321.000 97 675.000 325.000 98 757.000 325.000 99 902.000 325.000 100 306.000 326.000 101 176.000 327.000 102 218.000 329.000 103 455.000 329.000 104 748.000 329.000 105 557.000 330.000 106 712.000 331.000 107 859.000 331.000 108 441.000 333.000 109 870.000 335.000 110 998.000 335.000 111 883.000 336.000 112 196.000 337.000 113 559.000 340.000 114 762.000 342.000 115 336.000 343.000 116 778.000 343.000 117 531.000 344.000 118 752.000 344.000 119 586.000 345.000 120 607.000 346.000 121 894.000 346.000 122 167.000 351.000 123 149.000 359.000 124 739.000 361.000 125 860.000 361.000 126 339.000 363.000 127 694.000 363.000 128 423.000 365.000 129 96.000 366.000 130 886.000 366.000 131 585.000 367.000 132 897.000 367.000 133 259.000 369.000 134 124.000 370.000 135 889.000 375.000 136 420.000 376.000 137 757.000 377.000 138 289.000 379.000 139 823.000 380.000 140 600.000 383.000 141 855.000 383.000 142 890.000 386.000 143 711.000 387.000 144 755.000 388.000 145 554.000 389.000 146 669.000 389.000 147 866.000 389.000 148 741.000 390.000 149 817.000 391.000 150 361.000 392.000 151 872.000 392.000 152 582.000 395.000 153 226.000 396.000 154 779.000 397.000 155 890.000 397.000 156 661.000 398.000 157 773.000 401.000 158 804.000 401.000 159 319.000 402.000 160 699.000 404.000 161 656.000 405.000 162 742.000 405.000 163 595.000 407.000 164 684.000 408.000 165 757.000 410.000 166 781.000 410.000 167 835.000 411.000 168 931.000 411.000 169 396.000 413.000 170 460.000 417.000 171 640.000 417.000 172 475.000 419.000 173 243.000 420.000 174 760.000 423.000 175 431.000 424.000 176 744.000 425.000 177 564.000 427.000 178 699.000 431.000 179 582.000 433.000 180 680.000 433.000 181 729.000 434.000 182 751.000 434.000 183 474.000 440.000 184 666.000 443.000 185 849.000 443.000 186 727.000 448.000 187 670.000 454.000 188 604.000 460.000 189 723.000 461.000 190 583.000 463.000 191 745.000 467.000 192 582.000 483.000 193 657.000 496.000 194 719.000 496.000 195 709.000 503.000 196 430.000 526.000 197 631.000 553.000 198 645.000 553.000 199 472.000 571.000 200 574.000 577.000 201 445.000 600.000 202 377.000 681.000 203 626.000 684.000 204 824.000 728.000 205
92 0.44462699999999994 0.012265499999999997 0.882405 -0.15335399999999996 -0.3461936038997795 0.896814096570219 4.516494833309931 92 IMG_2423.JPG

93 0.40497999999999995 0.0021419900000000007 0.898004 -0.17197599999999996 -0.2436072588299676 1.073780926814961 4.522514836309316 93 IMG_2424.JPG
 496.000 135.000 0 496.000 152.000 1 411.000 161.000 2 328.000 165.000 3 399.000 162.000 4 556.000 166.000 5 583.000 168.000 6 399.000 181.000 7 497.000 182.000 8 496.000 187.000 9 565.000 181.000 10 528.000 185.000 11 511.000 198.000 12 639.000 187.000 13 678.000 190.000 14 326.000 210.000 15 262.000 213.000 16 439.000 207.000 17 270.000 219.000 18 459.000 214.000 19 640.000 203.000 20 258.000 223.000 21 350.000 220.000 22 517.000 214.000 23 275.000 223.000 24 399.000 220.000 25 447.000 218.000 26 328.000 226.000 27 503.000 222.000 28 291.000 232.000 29 440.000 230.000 30 425.000 231.000 31 523.000 228.000 32 496.000 232.000 33 545.000 229.000 34 706.000 221.000 35 411.000 238.000 36 296.000 246.000 37 24.000 253.000 38 507.000 241.000 39 725.000 230.000 40 307.000 252.000 41 471.000 248.000 42 454.000 251.000 43 278.000 256.000 44 578.000 248.000 45 713.000 238.000 46 796.000 235.000 47 257.000 261.000 48 423.000 257.000 49 332.000 267.000 50 117.000 267.000 51 294.000 269.000 52 495.000 263.000 53 254.000 273.000 54 306.000 272.000 55 704.000 254.000 56 395.000 271.000 57 479.000 271.000 58 619.000 263.000 59 715.000 258.000 60 441.000 274.000 61 672.000 262.000 62 72.000 281.000 63 464.000 276.000 64 506.000 278.000 65 450.000 281.000 66 229.000 288.000 67 496.000 283.000 68 240.000 292.000 69 294.000 292.000 70 413.000 291.000 71 285.000 297.000 72 190.000 301.000 73 400.000 296.000 74 545.000 292.000 75 173.000 304.000 76 198.000 308.000 77 447.000 305.000 78 496.000 306.000 79 159.000 314.000 80 283.000 311.000 81 314.000 310.000 82 504.000 309.000 83 439.000 311.000 84 303.000 316.000 85 180.000 320.000 86 719.000 303.000 87 159.000 323.000 88 189.000 323.000 89 400.000 321.000 90 917.000 297.000 91 869.000 301.000 92 928.000 300.000 93 431.000 323.000 94 529.000 321.000 95 561.000 319.000 96 946.000 300.000 97 455.000 328.000 98 523.000 326.000 99 767.000 312.000 100 213.000 333.000 101 128.000 336.000 102 156.000 336.000 103 315.000 334.000 104 510.000 330.000 105 373.000 334.000 106 477.000 333.000 107 705.000 321.000 108 306.000 337.000 109 716.000 325.000 110 931.000 316.000 111 733.000 325.000 112 142.000 344.000 113 375.000 343.000 114 532.000 341.000 115 236.000 349.000 116 559.000 341.000 117 358.000 347.000 118 520.000 344.000 119 393.000 348.000 120 407.000 349.000 121 749.000 335.000 122 123.000 358.000 123 110.000 365.000 124 496.000 361.000 125 690.000 353.000 126 239.000 367.000 127 464.000 364.000 128 287.000 368.000 129 77.000 372.000 130 735.000 356.000 131 392.000 369.000 132 752.000 356.000 133 184.000 373.000 134 94.000 377.000 135 738.000 365.000 136 285.000 379.000 137 524.000 376.000 138 200.000 383.000 139 625.000 374.000 140 401.000 384.000 141 680.000 375.000 142 738.000 375.000 143 476.000 386.000 144 517.000 387.000 145 371.000 390.000 146 445.000 389.000 147 698.000 380.000 148 494.000 389.000 149 615.000 385.000 150 246.000 394.000 151 706.000 383.000 152 388.000 396.000 153 159.000 399.000 154 556.000 394.000 155 738.000 387.000 156 441.000 398.000 157 546.000 398.000 158 593.000 396.000 159 219.000 404.000 160 466.000 403.000 161 437.000 404.000 162 495.000 403.000 163 396.000 407.000 164 456.000 407.000 165 519.000 408.000 166 553.000 406.000 167 642.000 403.000 168 807.000 398.000 169 267.000 414.000 170 309.000 417.000 171 426.000 415.000 172 319.000 419.000 173 170.000 422.000 174 524.000 420.000 175 291.000 423.000 176 495.000 423.000 177 376.000 425.000 178 463.000 429.000 179 396.000 431.000 180 453.000 430.000 181 483.000 431.000 182 504.000 431.000 183 316.000 439.000 184 445.000 440.000 185 570.000 439.000 186 485.000 444.000 187 446.000 450.000 188 410.000 456.000 189 480.000 457.000 190 395.000 458.000 191 495.000 463.000 192 394.000 477.000 193 437.000 489.000 194 465.000 491.000 195 456.000 497.000 196 175.000 521.000 197 413.000 544.000 198 426.000 543.000 199 202.000 561.000 200 325.000 567.000 201 178.000 587.000 202 98.000 659.000 203 291.000 663.000 204 465.000 708.000 205 554.000 154.000 206 645.000 167.000 207 503.000 172.000 208 604.000 172.000 209 514.000 177.000 210 385.000 189.000 211 516.000 189.000 212 567.000 193.000 213 541.000 195.000 214 399.000 196.000 215 567.000 204.000 216 624.000 209.000 217 608.000 210.000 218 560.000 211.000 219 252.000 214.000 220 550.000 215.000 221 541.000 216.000 222 570.000 217.000 223 511.000 224.000 224 538.000 234.000 225 587.000 234.000 226 538.000 239.000 227 517.000 240.000 228 522.000 241.000 229 578.000 243.000 230 589.000 247.000 231 690.000 248.000 232 59.000 252.000 233 536.000 252.000 234 11.000 253.000 235 503.000 253.000 236 518.000 253.000 237 593.000 255.000 238 382.000 258.000 239 519.000 259.000 240 58.000 260.000 241 627.000 261.000 242 540.000 266.000 243 578.000 266.000 244 527.000 267.000 245 685.000 267.000 246 987.000 270.000 247 526.000 274.000 248 8.000 284.000 249 667.000 286.000 250 516.000 288.000 251 624.000 288.000 252 532.000 289.000 253 51.000 297.000 254 704.000 298.000 255 681.000 301.000 256 572.000 302.000 257 33.000 303.000 258 919.000 304.000 259 542.000 307.000 260 703.000 308.000 261 27.000 316.000 262 916.000 317.000 263 692.000 318.000 264 692.000 327.000 265 705.000 331.000 266 548.000 332.000 267 532.000 334.000 268 559.000 335.000 269 15.000 344.000 270 445.000 346.000 271 723.000 351.000 272 852.000 352.000 273 575.000 357.000 274 708.000 357.000 275 866.000 357.000 276 556.000 358.000 277 777.000 361.000 278 948.000 365.000 279 856.000 371.000 280 864.000 373.000 281 649.000 375.000 282 599.000 376.000 283 1107.000 377.000 284 688.000 379.000 285 533.000 384.000 286 679.000 385.000 287 899.000 385.000 288 553.000 387.000 289 516.000 392.000 290 222.000 393.000 291 869.000 393.000 292 799.000 395.000 293 739.000 399.000 294 819.000 400.000 295 480.000 401.000 296 538.000 403.000 297 581.000 403.000 298 502.000 404.000 299 881.000 404.000 300 293.000 405.000 301 384.000 408.000 302 597.000 409.000 303 190.000 414.000 304 494.000 414.000 305 502.000 417.000 306 408.000 419.000 307 815.000 427.000 308 824.000 428.000 309 837.000 428.000 310 619.000 429.000 311 816.000 445.000 312 718.000 446.000 313 805.000 446.000 314 824.000 447.000 315 730.000 448.000 316 751.000 450.000 317 697.000 452.000 318 810.000 464.000 319 363.000 471.000 320 472.000 473.000 321 862.000 481.000 322 425.000 483.000 323 872.000 504.000 324 884.000 505.000 325 846.000 513.000 326 864.000 514.000 327 873.000 514.000 328 882.000 515.000 329 847.000 524.000 330 894.000 525.000 331 865.000 528.000 332 874.000 528.000 333 885.000 528.000 334 845.000 538.000 335 886.000 538.000 336 195.000 543.000 337 857.000 543.000 338 865.000 546.000 339 884.000 547.000 340 867.000 556.000 341 876.000 556.000 342 897.000 561.000 343 172.000 569.000 344 160.000 583.000 345 975.000 624.000 346 861.000 648.000 347 969.000 658.000 348 1066.000 659.000 349 895.000 660.000 350 904.000 665.000 351 656.000 676.000 352 982.000 681.000 353 952.000 684.000 354 680.000 686.000 355 1012.000 687.000 356 1000.000 696.000 357 1028.000 700.000 358 654.000 702.000 359 674.000 704.000 360 1047.000 708.000 361 173.000 714.000 362 674.000 716.000 363 955.000 718.000 364 648.000 720.000 365 986.000 722.000 366 217.000 723.000 367 701.000 724.000 368 781.000 724.000 369 899.000 725.000 370 435.000 726.000 371 666.000 731.000 372 227.000 734.000 373 657.000 736.000 374 287.000 737.000 375 681.000 741.000 376 359.000 744.000 377 777.000 745.000 378
94 0.366511 0.017546299999999997 0.916568 -0.158946 -0.1673643652217387 0.8950309603022781 4.6333325415446 94 IMG_2425.JPG
 420.000 134.000 1 356.000 145.000 2 290.000 152.000 3 347.000 147.000 4 487.000 143.000 5 518.000 144.000 6 348.000 165.000 7 420.000 164.000 8 420.000 169.000 9 498.000 158.000 10 456.000 164.000 11 437.000 178.000 12 581.000 159.000 13 627.000 159.000 14 293.000 196.000 15 240.000 200.000 16 381.000 189.000 17 393.000 195.000 19 581.000 175.000 20 238.000 210.000 21 311.000 205.000 22 444.000 194.000 23 254.000 209.000 24 351.000 203.000 25 383.000 200.000 26 429.000 202.000 28 268.000 218.000 29 378.000 212.000 30 370.000 214.000 31 450.000 207.000 32 421.000 212.000 33 474.000 207.000 34 661.000 188.000 35 361.000 220.000 36 271.000 231.000 37 59.000 246.000 38 433.000 221.000 39 683.000 196.000 40 283.000 236.000 41 400.000 228.000 42 388.000 233.000 43 258.000 241.000 44 672.000 204.000 46 243.000 247.000 48 370.000 239.000 49 299.000 250.000 50 164.000 253.000 51 270.000 254.000 52 420.000 243.000 53 240.000 259.000 54 282.000 256.000 55 659.000 221.000 56 349.000 253.000 57 407.000 250.000 58 559.000 236.000 59 673.000 225.000 60 377.000 254.000 61 123.000 268.000 63 396.000 256.000 64 432.000 256.000 65 386.000 261.000 66 223.000 273.000 67 420.000 261.000 68 233.000 277.000 69 270.000 275.000 70 363.000 271.000 71 264.000 281.000 72 193.000 286.000 73 353.000 276.000 74 475.000 268.000 75 181.000 290.000 76 200.000 293.000 77 381.000 284.000 78 419.000 285.000 79 170.000 300.000 80 262.000 294.000 81 376.000 291.000 84 280.000 298.000 85 187.000 305.000 86 678.000 269.000 87 196.000 308.000 89 353.000 300.000 90 918.000 253.000 91 928.000 257.000 93 371.000 302.000 94 455.000 297.000 95 950.000 255.000 97 451.000 302.000 99 732.000 277.000 100 211.000 316.000 101 149.000 322.000 102 169.000 321.000 103 289.000 315.000 104 436.000 307.000 105 329.000 313.000 106 406.000 311.000 107 660.000 288.000 108 284.000 318.000 109 674.000 291.000 110 933.000 272.000 111 690.000 292.000 112 159.000 328.000 113 330.000 323.000 114 460.000 317.000 115 230.000 331.000 116 317.000 327.000 118 447.000 320.000 119 343.000 327.000 120 354.000 327.000 121 709.000 300.000 122 147.000 342.000 123 136.000 349.000 124 640.000 321.000 126 235.000 348.000 127 396.000 340.000 128 266.000 348.000 129 113.000 356.000 130 343.000 347.000 132 712.000 321.000 133 192.000 356.000 134 124.000 361.000 135 696.000 331.000 136 264.000 358.000 137 451.000 350.000 138 202.000 364.000 139 567.000 344.000 140 697.000 341.000 143 405.000 361.000 144 442.000 362.000 145 328.000 367.000 146 382.000 365.000 147 650.000 348.000 148 419.000 364.000 149 552.000 355.000 150 236.000 373.000 151 340.000 372.000 153 173.000 380.000 154 486.000 366.000 155 378.000 374.000 157 477.000 371.000 158 528.000 368.000 159 216.000 383.000 160 397.000 378.000 161 346.000 383.000 164 446.000 381.000 166 586.000 373.000 168 778.000 361.000 169 282.000 395.000 171 368.000 390.000 172 290.000 396.000 173 180.000 402.000 174 448.000 393.000 175 269.000 400.000 176 419.000 397.000 177 332.000 401.000 178 398.000 402.000 179 351.000 406.000 180 388.000 404.000 181 410.000 405.000 182 429.000 403.000 183 288.000 416.000 184 476.000 411.000 186 412.000 417.000 187 383.000 423.000 188 362.000 430.000 189 408.000 429.000 190 351.000 432.000 191 419.000 434.000 192 350.000 450.000 193 373.000 461.000 194 389.000 461.000 195 382.000 467.000 196 120.000 495.000 197 355.000 512.000 198 367.000 512.000 199 264.000 535.000 201 122.000 555.000 202 47.000 620.000 203 204.000 622.000 204 355.000 663.000 205 485.000 132.000 206 591.000 138.000 207 428.000 153.000 208 542.000 146.000 209 442.000 158.000 210 337.000 174.000 211 441.000 169.000 212 500.000 170.000 213 469.000 173.000 214 351.000 180.000 215 498.000 180.000 216 564.000 181.000 217 546.000 183.000 218 489.000 188.000 219 232.000 201.000 220 480.000 193.000 221 470.000 194.000 222 503.000 193.000 223 437.000 204.000 224 467.000 212.000 225 520.000 209.000 226 466.000 217.000 227 443.000 219.000 228 449.000 219.000 229 511.000 218.000 230 524.000 222.000 231 645.000 216.000 232 116.000 240.000 233 466.000 230.000 234 46.000 247.000 235 429.000 233.000 236 445.000 232.000 237 528.000 229.000 238 336.000 240.000 239 445.000 237.000 240 115.000 248.000 241 570.000 233.000 242 470.000 243.000 243 509.000 241.000 244 454.000 245.000 245 636.000 235.000 246 804.000 235.000 247 454.000 251.000 248 68.000 274.000 249 611.000 255.000 250 442.000 265.000 251 565.000 259.000 252 459.000 266.000 253 106.000 285.000 254 660.000 265.000 255 630.000 270.000 256 505.000 276.000 257 87.000 292.000 258 918.000 260.000 259 471.000 283.000 260 660.000 276.000 261 82.000 303.000 262 915.000 274.000 263 647.000 285.000 264 643.000 295.000 265 661.000 299.000 266 478.000 306.000 267 457.000 309.000 268 492.000 309.000 269 72.000 331.000 270 382.000 324.000 271 682.000 317.000 272 834.000 313.000 273 510.000 330.000 274 664.000 325.000 275 853.000 317.000 276 486.000 331.000 277 743.000 325.000 278 975.000 321.000 279 842.000 332.000 280 850.000 334.000 281 592.000 344.000 282 535.000 347.000 283 930.000 339.000 284 637.000 347.000 285 459.000 358.000 286 628.000 354.000 287 890.000 344.000 288 482.000 359.000 289 442.000 367.000 290 218.000 373.000 291 857.000 354.000 292 768.000 359.000 293 697.000 364.000 294 792.000 364.000 295 407.000 375.000 296 467.000 375.000 297 511.000 375.000 298 427.000 378.000 299 868.000 364.000 300 271.000 383.000 301 337.000 384.000 302 532.000 380.000 303 195.000 394.000 304 419.000 388.000 305 428.000 391.000 306 354.000 394.000 307 785.000 390.000 308 796.000 391.000 309 816.000 391.000 310 522.000 400.000 311 786.000 408.000 312 671.000 412.000 313 775.000 409.000 314 796.000 410.000 315 685.000 414.000 316 709.000 416.000 317 647.000 419.000 318 780.000 428.000 319 320.000 444.000 320 395.000 445.000 321 843.000 443.000 322 368.000 455.000 323 858.000 466.000 324 868.000 466.000 325 823.000 476.000 326 845.000 476.000 327 859.000 476.000 328 869.000 476.000 329 821.000 487.000 330 882.000 486.000 331 846.000 490.000 332 858.000 490.000 333 872.000 490.000 334 822.000 501.000 335 873.000 500.000 336 134.000 514.000 337 833.000 506.000 338 847.000 509.000 339 871.000 509.000 340 848.000 518.000 341 861.000 518.000 342 885.000 523.000 343 114.000 539.000 344 109.000 552.000 345 928.000 585.000 346 790.000 610.000 347 908.000 619.000 348 1045.000 620.000 349 818.000 621.000 350 826.000 626.000 351 462.000 632.000 352 924.000 641.000 353 869.000 644.000 354 482.000 642.000 355 948.000 648.000 356 935.000 656.000 357 961.000 660.000 358 457.000 657.000 359 472.000 658.000 360 982.000 667.000 361 102.000 668.000 362 472.000 669.000 363 871.000 677.000 364 443.000 673.000 365 899.000 681.000 366 136.000 676.000 367 508.000 678.000 368 667.000 682.000 369 805.000 684.000 370 326.000 679.000 371 465.000 683.000 372 145.000 685.000 373 451.000 688.000 374 195.000 688.000 375 482.000 692.000 376 256.000 695.000 377 661.000 701.000 378
95 0.343008 0.009765720000000002 0.92421 -0.16759000000000002 -0.19053026419621277 0.9983851605488778 4.615866384693669 95 IMG_2426.JPG
 357.000 142.000 0 355.000 159.000 1 302.000 171.000 4 354.000 188.000 8 438.000 180.000 10 392.000 188.000 11 372.000 203.000 12 530.000 180.000 13 261.000 219.000 15 218.000 230.000 18 333.000 220.000 19 273.000 228.000 22 378.000 217.000 23 306.000 226.000 25 326.000 224.000 26 260.000 235.000 27 241.000 241.000 29 384.000 231.000 32 243.000 253.000 37 366.000 244.000 39 642.000 215.000 40 254.000 258.000 41 330.000 255.000 43 451.000 245.000 45 739.000 213.000 47 242.000 276.000 52 219.000 280.000 54 302.000 275.000 57 502.000 257.000 59 570.000 251.000 62 152.000 286.000 63 333.000 279.000 64 206.000 294.000 67 351.000 285.000 68 312.000 294.000 71 306.000 299.000 74 408.000 290.000 75 188.000 314.000 77 166.000 320.000 80 254.000 314.000 82 360.000 309.000 83 250.000 319.000 85 179.000 324.000 86 636.000 289.000 87 167.000 328.000 88 908.000 268.000 91 838.000 277.000 92 313.000 324.000 94 386.000 319.000 95 427.000 316.000 96 943.000 270.000 97 332.000 328.000 98 384.000 325.000 99 165.000 340.000 103 366.000 330.000 105 616.000 308.000 108 632.000 311.000 110 647.000 311.000 112 158.000 347.000 113 282.000 344.000 114 388.000 339.000 115 212.000 350.000 116 425.000 337.000 117 668.000 320.000 122 347.000 359.000 125 589.000 341.000 126 332.000 362.000 128 125.000 374.000 130 649.000 342.000 131 291.000 368.000 132 672.000 341.000 133 653.000 351.000 136 233.000 378.000 137 505.000 366.000 140 296.000 382.000 141 575.000 364.000 142 599.000 368.000 148 346.000 387.000 149 491.000 377.000 150 212.000 392.000 151 611.000 370.000 152 421.000 389.000 155 652.000 373.000 156 404.000 392.000 158 330.000 400.000 161 314.000 400.000 162 346.000 399.000 163 324.000 404.000 165 375.000 403.000 166 418.000 400.000 167 524.000 394.000 168 223.000 411.000 170 245.000 414.000 171 308.000 411.000 172 251.000 415.000 173 171.000 419.000 174 234.000 419.000 176 346.000 419.000 177 282.000 421.000 178 301.000 426.000 180 357.000 426.000 183 248.000 435.000 184 318.000 434.000 185 341.000 438.000 187 299.000 451.000 191 305.000 531.000 199 68.000 549.000 200 190.000 553.000 201 49.000 572.000 202 108.000 641.000 204 245.000 684.000 205 425.000 155.000 206 539.000 159.000 207 363.000 178.000 208 488.000 168.000 209 378.000 182.000 210 293.000 198.000 211 377.000 193.000 212 440.000 193.000 213 409.000 196.000 214 307.000 204.000 215 439.000 203.000 216 509.000 202.000 217 490.000 205.000 218 428.000 211.000 219 207.000 225.000 220 418.000 215.000 221 407.000 217.000 222 441.000 215.000 223 371.000 227.000 224 402.000 235.000 225 462.000 230.000 226 399.000 240.000 227 379.000 243.000 228 384.000 243.000 229 451.000 240.000 230 463.000 244.000 231 602.000 236.000 232 152.000 259.000 233 399.000 253.000 234 60.000 268.000 235 358.000 256.000 236 378.000 255.000 237 469.000 251.000 238 290.000 263.000 239 379.000 261.000 240 151.000 266.000 241 512.000 254.000 242 405.000 265.000 243 447.000 263.000 244 387.000 268.000 245 588.000 255.000 246 646.000 260.000 247 388.000 274.000 248 101.000 292.000 249 560.000 276.000 250 374.000 289.000 251 508.000 281.000 252 393.000 289.000 253 133.000 303.000 254 617.000 284.000 255 580.000 289.000 256 442.000 298.000 257 118.000 309.000 258 909.000 276.000 259 401.000 305.000 260 616.000 294.000 261 112.000 321.000 262 905.000 290.000 263 601.000 305.000 264 601.000 315.000 265 617.000 318.000 266 410.000 329.000 267 392.000 332.000 268 426.000 331.000 269 102.000 347.000 270 321.000 346.000 271 639.000 337.000 272 811.000 330.000 273 442.000 352.000 274 614.000 345.000 275 834.000 335.000 276 420.000 354.000 277 705.000 344.000 278 986.000 337.000 279 821.000 350.000 280 832.000 352.000 281 536.000 366.000 282 473.000 369.000 283 778.000 367.000 284 586.000 368.000 285 392.000 380.000 286 573.000 373.000 287 876.000 363.000 288 416.000 381.000 289 371.000 389.000 290 200.000 391.000 291 838.000 373.000 292 733.000 379.000 293 653.000 385.000 294 760.000 382.000 295 338.000 397.000 296 396.000 398.000 297 448.000 396.000 298 355.000 400.000 299 850.000 384.000 300 238.000 402.000 301 285.000 405.000 302 464.000 402.000 303 182.000 411.000 304 344.000 411.000 305 355.000 413.000 306 298.000 415.000 307 749.000 411.000 308 761.000 412.000 309 788.000 411.000 310 431.000 424.000 311 751.000 429.000 312 622.000 433.000 313 741.000 430.000 314 762.000 431.000 315 638.000 435.000 316 666.000 437.000 317 595.000 439.000 318 746.000 449.000 319 270.000 463.000 320 319.000 467.000 321 818.000 464.000 322 306.000 475.000 323 838.000 487.000 324 849.000 488.000 325 794.000 498.000 326 819.000 498.000 327 839.000 498.000 328 849.000 498.000 329 796.000 509.000 330 862.000 509.000 331 821.000 512.000 332 840.000 512.000 333 851.000 512.000 334 792.000 524.000 335 851.000 523.000 336 57.000 533.000 337 808.000 528.000 338 822.000 532.000 339 850.000 532.000 340 823.000 542.000 341 839.000 541.000 342 865.000 546.000 343 39.000 556.000 344 41.000 569.000 345 885.000 614.000 346 720.000 639.000 347 848.000 650.000 348 1021.000 651.000 349 744.000 651.000 350 751.000 657.000 351 293.000 659.000 352 872.000 673.000 353 790.000 677.000 354 311.000 670.000 355 889.000 681.000 356 873.000 690.000 357 899.000 694.000 358 284.000 684.000 359 295.000 687.000 360 917.000 704.000 361 9.000 684.000 362 295.000 697.000 363 793.000 712.000 364 265.000 700.000 365 818.000 716.000 366 36.000 693.000 367 337.000 707.000 368 559.000 711.000 369 713.000 717.000 370 215.000 700.000 371 283.000 711.000 372 46.000 702.000 373 271.000 715.000 374 91.000 707.000 375 308.000 720.000 376 146.000 714.000 377 552.000 732.000 378
96 0.288692 0.02473059999999999 0.940435 -0.17784199999999997 0.04934607389120815 0.99834139433463 4.555287383567783 96 IMG_2427.JPG

97 0.249072 0.027042100000000003 0.953241 -0.169005 0.1557815572925949 0.881292704567201 4.493506982205293 97 IMG_2428.JPG

98 0.18708399999999997 0.0244132 0.96882 -0.16059599999999996 0.41286351532657406 0.7815611346925241 4.488914706221711 98 IMG_2429.JPG

99 0.158968 0.019904499999999995 0.971409 -0.17521 0.37178444587826087 0.9031831051408683 4.422227379951311 99 IMG_2430.JPG

