# 3D point list with one line of data per point:
#   POINT3D_ID, X, Y, Z, R, G, B, ERROR, TRACK[] as (IMAGE_ID, POINT2D_IDX)
# Number of points: 379, mean track length: 3.22
0 -0.2621624280150714 0.2549595420086631 0.5474230122955119 129 115 104 491.55 91 0 93 0 95 0 
1 -0.30898136382098906 0.25253060298696617 0.5012645553308919 136 124 122 477.19 91 0 93 0 94 0 95 0 
2 0.021317175171879033 0.42548289445568555 0.48878077013769183 131 131 129 505.5 91 0 93 0 94 0 
3 0.35624760400713273 0.6527489018046614 0.47655642668611353 60 60 59 567.24 91 0 93 0 94 0 
4 0.08742604101702 0.45392544104289 0.48866521740428204 95 92 95 517.29 91 0 93 0 94 0 95 0 
5 -0.20708179651484304 0.081237759510845 0.5147426883155557 136 134 131 410.85 91 0 93 0 94 0 
6 -0.15665660239868728 -0.004035541599178072 0.5312458997101515 136 131 122 389.83 91 0 93 0 94 0 
7 0.05463212532410777 0.44650415309392366 0.43455987056163914 74 78 85 492.21 91 0 93 0 94 0 
8 -0.33409913430267313 0.2451750717209239 0.4291281890133847 142 138 135 448.19 91 0 93 0 94 0 95 0 
9 -0.341186576861495 0.24488583473293646 0.41686095557455416 144 139 136 433.64 91 0 93 0 94 0 
10 -0.20199739582268572 0.04968699120019615 0.4829677378622137 137 125 114 393.44 91 0 93 0 94 0 95 0 
11 -0.2804291157133636 0.1588626437331252 0.44345053163570247 111 116 124 419.22 91 0 93 0 94 0 95 0 
12 -0.3202565153711605 0.20193913132816876 0.4007012998273456 155 154 155 420.51 91 0 93 0 94 0 95 0 
13 -0.05028650542107327 -0.20199504830917825 0.5294649934591105 127 124 124 334.85 91 0 93 0 94 0 95 0 
14 0.056938061557006314 -0.36315202659178636 0.5638645649547911 139 120 111 317.27 91 0 93 0 94 0 
15 0.4244010480484617 0.6421839624000641 0.34586448454231644 106 106 107 517.85 91 0 93 0 94 0 95 0 
16 0.6961293983488155 0.8642109330126019 0.31725127973324985 35 33 36 578.28 91 0 93 0 94 0 
17 -0.13049175941170787 0.3426976717746706 0.3678852326538762 97 91 93 439.15 91 0 93 0 94 0 
18 0.6397479100628196 0.8365990619986919 0.29573190170592367 70 69 69 564.42 91 0 93 0 95 0 
19 -0.23169119390282678 0.3052544060944822 0.3502107962967955 91 98 111 433.52 91 0 93 0 94 0 95 0 
20 -0.061405846885748794 -0.20588804425266594 0.4843823513328438 144 134 125 325.59 91 0 93 0 94 0 
21 0.697366408202504 0.8710299028978067 0.28218260528198225 40 43 48 569.96 91 0 93 0 94 0 
22 0.2660951298235372 0.5641675975894794 0.31805805665544185 66 57 61 489.62 91 0 93 0 94 0 95 0 
23 -0.32450843448853783 0.1827215421646139 0.36557349602833855 149 140 132 400.55 91 0 93 0 94 0 95 0 
24 0.6926469088021499 0.815046475628609 0.29028594181019307 92 95 95 551.61 91 0 93 0 94 0 
25 0.08060170585444326 0.42985148170730925 0.33184868475873563 126 147 169 455.07 91 0 93 0 94 0 95 0 
26 -0.18139276969008034 0.32953328368518664 0.33856354983866566 107 116 125 435.27 91 0 93 0 94 0 95 0 
27 0.37255738556444884 0.6282175000074933 0.29563522081157667 52 44 46 500.68 91 0 93 0 95 0 
28 -0.32988877030606734 0.2149286328058847 0.3410389032260981 152 151 146 392.88 91 0 93 0 94 0 
29 0.6137075203961262 0.7512443860042918 0.2663441707509271 83 82 83 522.51 91 0 93 0 94 0 95 0 
30 -0.1845586705847242 0.34065647665856336 0.30646092055674345 62 73 90 417.61 91 0 93 0 94 0 
31 -0.04108561281788781 0.3669794281345199 0.30484914459657153 134 160 189 421.36 91 0 93 0 94 0 
32 -0.3296851493145514 0.16498709004355405 0.3348915311941627 157 147 137 383.06 91 0 93 0 94 0 95 0 
33 -0.3734597392602703 0.23318799789700273 0.3124824899173 146 142 139 389.28 91 0 93 0 94 0 
34 -0.2808559851282255 0.10202228702779792 0.34632537580162337 143 135 128 358.57 91 0 93 0 94 0 
35 0.11500952438622924 -0.4983250775997695 0.4997136182376094 138 160 168 289.58 91 0 93 0 94 0 
36 0.005460245205147096 0.3947938740548481 0.2849198773496482 139 171 193 422.66 91 0 93 0 94 0 
37 0.5717163126133109 0.7295777490476959 0.22282373860497384 53 67 82 503.62 91 0 93 0 94 0 95 0 
38 3.04651204607148 2.4276394085023254 -0.03363731705742379 222 221 227 4323.76 91 0 93 0 94 0 
39 -0.3641594618308295 0.2029836773900212 0.2969288730447943 138 144 148 383.33 91 0 93 0 94 0 95 0 
40 0.15189211926920576 -0.5869794433658188 0.48706281050248124 81 91 85 270.99 91 0 93 0 94 0 95 0 
41 0.5774315578290565 0.6911948464899934 0.2093151730365903 60 59 59 485.36 91 0 93 0 94 0 95 0 
42 -0.3130418809957831 0.2778551893188239 0.2703279264217118 92 98 110 385.74 91 0 93 0 94 0 
43 -0.26080963152914505 0.3063210515675908 0.25896401897303223 108 104 104 401.27 91 0 93 0 94 0 95 0 
44 0.6736096061217725 0.7903967449149251 0.18118940898159286 55 42 41 510.01 91 0 93 0 94 0 
45 -0.23926058699843322 -0.00032731723889922737 0.31945580261734596 147 146 141 327.3 91 0 93 0 95 0 
46 0.16798702997256587 -0.5584111134978028 0.4577052471900238 55 54 51 279.05 91 0 93 0 94 0 
47 0.39690605670712475 -0.9965772240042332 0.5574109307583299 203 196 190 303.76 91 0 93 0 95 0 
48 0.8329117927539804 0.8733356359627938 0.14978580123586993 116 109 110 525.8 91 0 93 0 94 0 
49 -0.07378380690200936 0.3618009757437196 0.23629073189999716 159 190 216 395.95 91 0 93 0 94 0 
50 0.30456459732773244 0.5969174218608243 0.1740197638093115 71 76 95 449.33 91 0 93 0 94 0 
51 8.262351357965112 3.3221229079143817 -0.26146610482917 126 138 152 nan 91 0 93 0 94 0 
52 0.5531416182757218 0.7245140538916742 0.1456611988183656 62 67 73 479.27 91 0 93 0 94 0 95 0 
53 -0.39805909167507725 0.2290252494217303 0.24129090077401316 107 104 103 360.09 91 0 93 0 94 0 
54 0.8260155483967679 0.8790662735785549 0.10572778952620987 47 40 45 511.34 91 0 93 0 94 0 95 0 
55 0.5453356974763204 0.6843025621990185 0.1427807096069713 116 131 154 463.92 91 0 93 0 94 0 
56 0.11857820526093032 -0.5093202628598835 0.3965475908441505 108 126 139 271.1 91 0 93 0 94 0 
57 0.04156666069631232 0.4227552459824807 0.19009588894882867 112 133 156 406.44 91 0 93 0 94 0 95 0 
58 -0.3547883323942562 0.25672515933853657 0.21985264320964748 119 122 130 359.74 91 0 93 0 94 0 
59 -0.1698532792398142 -0.13976047297003225 0.3031723693366766 123 111 105 282.85 91 0 93 0 94 0 95 0 
60 0.14397709272455117 -0.5639583082066603 0.3924952221110767 141 152 162 270.35 91 0 93 0 94 0 
61 -0.2239392382917167 0.3297003612213356 0.1990590787931461 128 137 144 374.27 91 0 93 0 94 0 
62 -0.0423521237291804 -0.34169164179755074 0.341953947965862 164 157 151 268.87 91 0 93 0 95 0 
63 7.691012996010178 3.616136311568908 -0.4622728617073706 135 166 164 nan 91 0 93 0 94 0 95 0 
64 -0.31055276376929264 0.282393253020088 0.202956328738209 67 73 97 373.67 91 0 93 0 94 0 95 0 
65 -0.3967900192356133 0.19858252954140265 0.21366945490096367 134 126 124 339.32 91 0 93 0 94 0 
66 -0.2613280790464705 0.30711646065964393 0.18616770067152477 76 76 89 362.16 91 0 93 0 94 0 
67 1.0186662738138836 0.9822307683709312 0.03127897742446106 59 72 88 520.58 91 0 93 0 94 0 95 0 
68 -0.4189578499184661 0.2241467333248398 0.19793009690203212 132 134 136 354.82 91 0 93 0 94 0 95 0 
69 1.0139871553153088 0.9415501730199652 0.022329587938317408 51 46 41 509.78 91 0 93 0 94 0 
70 0.525908818419178 0.7149638801676644 0.07379094683699194 86 90 98 454.26 91 0 93 0 94 0 
71 -0.03723524751185714 0.37513936208628496 0.1443635514785424 137 159 181 376.55 91 0 93 0 94 0 95 0 
72 0.5570810085314024 0.7410743401376919 0.051287877106879654 105 70 64 455.97 91 0 93 0 94 0 
73 1.3946655681039077 1.188620442388824 -0.06321997244601518 87 81 82 573.82 91 0 93 0 94 0 
74 0.018925277831136622 0.4028962242094781 0.12461531299022988 121 149 178 378.01 91 0 93 0 94 0 95 0 
75 -0.34908104148570906 0.0923334929547136 0.19567441844938904 94 91 92 308.51 91 0 93 0 94 0 95 0 
76 1.5764568335616267 1.2894165902625576 -0.10042806630851087 49 41 38 605.45 91 0 93 0 94 0 
77 1.2731447247733079 1.13004119162761 -0.08175123440429899 53 47 52 537.64 91 0 93 0 94 0 95 0 
78 -0.257812213284768 0.31174818906381874 0.12723999520699847 119 123 128 341.2 91 0 93 0 94 0 
79 -0.43958094664335423 0.2215420909277498 0.14664168095733165 140 143 145 320.44 91 0 93 0 94 0 
80 1.7221946390295617 1.377315878593694 -0.1672001454332439 38 39 42 614.35 91 0 93 0 94 0 95 0 
81 0.5507257128969332 0.7424277995816463 0.0038430808497347257 53 62 79 442.11 91 0 93 0 94 0 
82 0.4205304860919974 0.6410905694363026 0.02804331950706973 147 168 189 419.27 91 0 93 0 95 0 
83 -0.42639721146903353 0.19827963893904765 0.14425683022050917 132 126 123 325.17 91 0 93 0 95 0 
84 -0.24260681230670045 0.3236647105173106 0.10835197114467943 73 78 97 338.3 91 0 93 0 94 0 
85 0.5018128061204092 0.6743041464516976 6.084403470474342e-05 101 123 147 419.52 91 0 93 0 94 0 95 0 
86 1.4670588608358825 1.2313815593184256 -0.15593846343311268 43 54 65 555.23 91 0 93 0 94 0 95 0 
87 0.0956492275099039 -0.5829544757097506 0.25295518535253025 99 113 131 236.48 91 0 93 0 94 0 95 0 
88 1.722093020469221 1.3717188722582168 -0.20798162897951156 107 100 101 612.85 91 0 93 0 95 0 
89 1.4793630939492068 1.1951976813856602 -0.16631685801642826 53 52 50 551.19 91 0 93 0 94 0 
90 -0.01322130929560128 0.39569506592252524 0.059544539572881305 113 128 153 344.66 91 0 93 0 94 0 
91 0.9474719640560822 -2.044077022183527 0.47323924812440765 146 140 138 515.67 91 0 93 0 94 0 95 0 
92 0.6348075778488975 -1.5396917049245333 0.3861778066770256 64 99 103 411.04 91 0 93 0 95 0 
93 0.9000478598489319 -2.0687169287170097 0.4637405591136423 222 245 251 524.5 91 0 93 0 94 0 
94 -0.2361316789330976 0.3355748481417935 0.07790655897245369 67 65 64 344.93 91 0 93 0 94 0 95 0 
95 -0.40056457953633906 0.13533721158984602 0.12412550759752405 123 119 114 296.4 91 0 93 0 94 0 95 0 
96 -0.3419829395658356 0.04195572440574569 0.13702355023667168 105 94 95 277.28 91 0 93 0 95 0 
97 1.0014252648910977 -2.261987911655832 0.4906164600376699 72 60 59 563.68 91 0 93 0 94 0 95 0 
98 -0.29377410668850734 0.2801132637218452 0.0788109658791889 94 99 108 324.39 91 0 93 0 95 0 
99 -0.41146612406776617 0.14296808762677504 0.11162054762132212 142 139 134 294.46 91 0 93 0 94 0 95 0 
100 0.17727840372885328 -0.8046058388272973 0.2514801059429608 191 181 171 282.41 91 0 93 0 94 0 
101 1.0856659476021326 1.0335961736319526 -0.1538227598991022 92 108 127 491.86 91 0 93 0 94 0 
102 2.1329700832043366 1.5968148947219172 -0.3350357459803137 24 23 24 723.48 91 0 93 0 94 0 
103 1.7233436407610596 1.378570015105066 -0.27139407922074366 65 50 46 588.14 91 0 93 0 94 0 95 0 
104 0.4110908113691183 0.6269647625734144 -0.0446836535437658 148 175 200 388.47 91 0 93 0 94 0 
105 -0.438014366957753 0.17926877526387497 0.09850582242645545 127 122 120 301.87 91 0 93 0 94 0 95 0 
106 -0.01697166560682062 0.4598758619590225 0.015379771028281919 119 132 145 352.27 91 0 93 0 94 0 
107 -0.40700913715669396 0.24710531908964217 0.07970933857431439 60 59 72 302.02 91 0 93 0 94 0 
108 0.03671549759271908 -0.514171361552651 0.18849157071955158 161 180 194 223.19 91 0 93 0 94 0 95 0 
109 0.48010721039601734 0.6540195665454022 -0.0651902236289359 130 161 188 390.91 91 0 93 0 94 0 
110 0.046546094031048924 -0.5643442490029237 0.18378142789127172 129 147 161 226.29 91 0 93 0 94 0 95 0 
111 0.9821838761567547 -2.1728385981511167 0.3994312085581848 129 126 119 554.65 91 0 93 0 94 0 
112 0.040386822867357175 -0.6136180035329913 0.18943048521401562 46 53 55 232.29 91 0 93 0 94 0 95 0 
113 1.921186821252615 1.4810383241556213 -0.33990962095588095 61 81 98 625.84 91 0 93 0 94 0 95 0 
114 -0.02824324942196732 0.45303494161050695 -0.008444633371553989 46 46 49 353.33 91 0 93 0 94 0 95 0 
115 -0.4176612132965696 0.1227322486398651 0.07917464388316864 113 110 109 276.4 91 0 93 0 94 0 95 0 
116 0.9461788133267581 0.9257061435505619 -0.1875026994053579 102 113 130 441.73 91 0 93 0 94 0 95 0 
117 -0.3601373399455401 0.04240817074513148 0.08588475441082122 121 106 92 259.92 91 0 93 0 95 0 
118 0.058305401353789144 0.49581274073998827 -0.03397984850908897 82 87 101 348.08 91 0 93 0 94 0 
119 -0.4195371536522252 0.14915308002360572 0.06945453685983694 142 137 130 269.07 91 0 93 0 94 0 
120 -0.1097953449553466 0.4102123446973337 -0.007096504082412913 95 102 111 326.67 91 0 93 0 94 0 
121 -0.16360094175791629 0.3781485695006256 0.0010336905798300489 92 94 99 317.99 91 0 93 0 94 0 
122 0.06978126577585542 -0.6920443765891479 0.16830661819563764 130 127 126 241.06 91 0 93 0 94 0 95 0 
123 2.2284014119049944 1.632844518317492 -0.4633001281689182 79 85 91 728.67 91 0 93 0 94 0 
124 2.3443281062737187 1.7239368089109783 -0.5280472958887235 61 79 88 788.56 91 0 93 0 94 0 
125 -0.4809578532181362 0.21142940085673445 0.02956114902387119 91 91 96 286.63 91 0 93 0 95 0 
126 -0.11126163916732246 -0.41578524862059074 0.092515941858202 52 47 43 201.96 91 0 93 0 94 0 95 0 
127 0.9469635319555039 0.9047775920340154 -0.2548683478811249 108 139 169 419.75 91 0 93 0 94 0 
128 -0.3830185169188791 0.2620028061306904 0.0049784271151445125 60 67 79 294.89 91 0 93 0 94 0 95 0 
129 0.431474908348088 0.6987065876777044 -0.16656019776742736 63 79 99 376.14 91 0 93 0 94 0 
130 3.1085328164341415 2.10912991447939 -0.7173795122131041 52 77 82 1825.15 91 0 93 0 94 0 95 0 
131 0.010894803970199263 -0.6241573544611999 0.09797666107697722 97 90 86 238.03 91 0 93 0 95 0 
132 -0.12053299998825961 0.4058573895297418 -0.05993411374663937 85 87 98 320.62 91 0 93 0 94 0 95 0 
133 0.05447055918621224 -0.7078355752368465 0.10435484457638511 149 137 133 240.3 91 0 93 0 94 0 95 0 
134 1.3846701212437784 1.177581992467299 -0.37400579242907595 98 101 114 486.85 91 0 93 0 94 0 
135 2.610097916042786 1.8730792706143258 -0.6463831459821094 41 39 41 974.31 91 0 93 0 94 0 
136 0.005435200099447535 -0.6380565276186262 0.07202102968004231 76 72 65 225.75 91 0 93 0 94 0 95 0 
137 0.4262565035397212 0.7019311706979335 -0.2005016227644083 48 54 57 371.69 91 0 93 0 94 0 95 0 
138 -0.44222214577531815 0.134065733435495 0.001218196204107791 131 125 117 239.34 91 0 93 0 94 0 
139 1.0895478810340733 1.0613914014382195 -0.3566308724567595 91 100 118 445.15 91 0 93 0 94 0 
140 -0.27750734059687066 -0.17029695640973863 0.021664821728200057 101 99 95 192.71 91 0 93 0 94 0 95 0 
141 -0.17272599260761012 0.3812448688791007 -0.08836676652411657 95 100 114 298.69 91 0 93 0 95 0 
142 -0.15933534909436986 -0.37395729055997273 0.029207487891354855 148 136 123 202.22 91 0 93 0 95 0 
143 -0.005113334098085787 -0.6404349268978472 0.04149175930650717 147 141 136 250.1 91 0 93 0 94 0 
144 -0.43501321175071883 0.2378571212161804 -0.0366083376367925 66 73 82 254.14 91 0 93 0 94 0 
145 -0.4735253010467537 0.15381307329687421 -0.022575536736512358 136 131 124 235.1 91 0 93 0 94 0 
146 -0.0488312837003706 0.4480980995122551 -0.1312922212349521 73 78 91 297.64 91 0 93 0 94 0 
147 -0.3544994148068641 0.2933023166239257 -0.06259870959106095 104 109 117 263.48 91 0 93 0 94 0 
148 -0.11680117162595582 -0.4536539853815872 0.018315106668113312 123 110 105 192.2 91 0 93 0 94 0 95 0 
149 -0.5039801711401539 0.20792721362372146 -0.029472697236731182 99 100 101 265.16 91 0 93 0 94 0 95 0 
150 -0.3112190781455464 -0.1331473498831216 -0.006448157099736118 131 127 125 188.98 91 0 93 0 94 0 95 0 
151 0.6711012464844963 0.8398005823303333 -0.30582985126572004 52 45 41 383.73 91 0 93 0 94 0 95 0 
152 -0.10054380063915325 -0.4902029301016949 0.013092667481620746 154 146 142 210.81 91 0 93 0 95 0 
153 -0.1407109280273784 0.407507316566286 -0.12680978624754347 77 77 88 283.52 91 0 93 0 94 0 
154 1.516498209587514 1.2922746895369994 -0.521061511109863 89 103 114 492.79 91 0 93 0 94 0 
155 -0.4068020420890357 0.04218693624144698 -0.03530200531418992 126 119 112 213.58 91 0 93 0 94 0 95 0 
156 -0.0202528142504228 -0.6372078815158305 0.006899573831717021 166 153 147 235.8 91 0 93 0 95 0 
157 -0.34037901203733467 0.29994215113992695 -0.08696965468941253 66 75 90 256.99 91 0 93 0 94 0 
158 -0.43317707339165956 0.07294913273817649 -0.044095821020711634 115 111 106 218.59 91 0 93 0 94 0 95 0 
159 -0.357612484984863 -0.06583003351969652 -0.03611826819766972 102 99 103 191.59 91 0 93 0 94 0 
160 0.8759583715761958 0.9534821586612411 -0.3905222457098858 46 56 65 397.56 91 0 93 0 94 0 
161 -0.42640118393476634 0.25290852776621264 -0.0787799943967773 99 102 111 262.33 91 0 93 0 94 0 95 0 
162 -0.3313540673573203 0.304859768374937 -0.10317676508823426 123 129 134 267.38 91 0 93 0 95 0 
163 -0.5140861547631714 0.20449325336664803 -0.057793732074509 103 106 107 252.68 91 0 93 0 95 0 
164 -0.18531717487817767 0.38680995782579763 -0.14602626356323167 88 86 93 268.79 91 0 93 0 94 0 
165 -0.39706033488421877 0.2698943995741432 -0.09523085720945423 109 112 120 258.81 91 0 93 0 95 0 
166 -0.4788846802967992 0.14170089145081366 -0.06705805259385511 109 99 94 230.33 91 0 93 0 94 0 95 0 
167 -0.4281245798787916 0.04618746143012664 -0.061092089890167234 136 127 117 211.98 91 0 93 0 95 0 
168 -0.27732438155736583 -0.2289681983046007 -0.04895431974278841 139 129 120 168.47 91 0 93 0 94 0 95 0 
169 0.18398917441828933 -1.024126590900312 -0.015669776040951655 138 118 121 335.92 91 0 93 0 94 0 
170 0.47760859507831754 0.7458462626485777 -0.3299218455592141 32 33 35 347.36 91 0 93 0 95 0 
171 0.2230452454644638 0.6069522264814818 -0.2763532739419794 112 111 116 319.66 91 0 93 0 94 0 95 0 
172 -0.3013212154493061 0.32311349563129577 -0.13818038697492674 43 41 50 266.05 91 0 93 0 94 0 95 0 
173 0.17455374842213645 0.5763649691190921 -0.2682412466154318 104 96 98 311.9 91 0 93 0 94 0 95 0 
174 1.3251253479144216 1.2039975904408142 -0.57661812488003 44 53 57 432.42 91 0 93 0 94 0 95 0 
175 -0.4882361648050164 0.13256655904588055 -0.09230642104570408 105 100 96 204.22 91 0 93 0 94 0 
176 0.32316958042986776 0.6631927045824811 -0.320388912268754 74 77 90 324.82 91 0 93 0 94 0 95 0 
177 -0.5309459193341173 0.20066384915044944 -0.09854326327870133 135 136 137 238.58 91 0 93 0 94 0 95 0 
178 -0.10828666329275194 0.4252945329979111 -0.21363804382095752 71 83 101 277.35 91 0 93 0 94 0 95 0 
179 -0.4406927628234891 0.24871035168066125 -0.13432055941450338 101 103 111 221.46 91 0 93 0 94 0 
180 -0.10383030561643558 0.37298982352075905 -0.2239912841166205 30 30 30 254.97 91 0 93 0 94 0 95 0 
181 -0.4006058213580532 0.2694116422832752 -0.1487714218274776 106 109 113 223.5 91 0 93 0 94 0 
182 -0.513461469001987 0.22019612152491408 -0.12238608325943279 68 74 87 215.69 91 0 93 0 94 0 
183 -0.5251795507926951 0.1764056059909026 -0.11402135300244676 124 123 122 225.4 91 0 93 0 94 0 95 0 
184 0.1448666949022035 0.5758814904905577 -0.3231206888564533 58 51 53 295.85 91 0 93 0 94 0 95 0 
185 -0.3730017656622442 0.28217852333260895 -0.17875815093756375 67 67 80 233.83 91 0 93 0 95 0 
186 -0.7200459467684635 0.08912414787310874 -0.08092514834950415 80 87 78 196.61 91 0 93 0 94 0 
187 -0.5038464554580853 0.2114163747262644 -0.15215577030397376 72 80 93 223.81 91 0 93 0 94 0 95 0 
188 -0.3911123272912911 0.2776081110361295 -0.19880507104509304 103 106 110 208.79 91 0 93 0 94 0 
189 -0.1833482330188989 0.3356666675663754 -0.2694536120162996 100 122 148 209.84 91 0 93 0 94 0 
190 -0.5115398826406907 0.2191033133356317 -0.1798465764715298 95 104 117 195.19 91 0 93 0 94 0 
191 -0.1345435656223435 0.36790332838618844 -0.29026914628376677 98 112 130 232.62 91 0 93 0 94 0 95 0 
192 -0.5574482891117203 0.1944350031031915 -0.17880056581792725 99 102 105 188.04 91 0 93 0 94 0 
193 -0.14760953941785449 0.3653945910202724 -0.33806037237544073 84 104 123 198.55 91 0 93 0 94 0 
194 -0.4009473565549695 0.2923008582126717 -0.2922087556235644 90 94 98 181.82 91 0 93 0 94 0 
195 -0.5800509334461115 0.2545872007686082 -0.23932621858162118 105 120 128 184.11 91 0 93 0 94 0 
196 -0.5725779569221139 0.26940384489353286 -0.2565200670837673 49 63 59 183.05 91 0 93 0 94 0 
197 -0.5817972169582939 0.8116662576611419 -0.3525338922262893 40 63 60 396.31 91 0 93 0 94 0 
198 -0.40305655025446097 0.3267994111392635 -0.4245660930642956 35 44 52 153.73 91 0 93 0 94 0 
199 -0.4089016133677439 0.29710671634558705 -0.4192730304078406 41 50 57 175.0 91 0 93 0 94 0 95 0 
200 -0.6555247303497511 0.7440743887144378 -0.40089559840683 39 47 45 371.22 91 0 93 0 95 0 
201 -0.5650147898677602 0.5184497317732809 -0.4309553462987581 26 47 46 262.25 91 0 93 0 94 0 95 0 
202 -0.6568543849248707 0.7814098009454965 -0.4545396119145624 47 58 51 404.09 91 0 93 0 94 0 95 0 
203 -0.7438350466966237 0.8866374452260154 -0.5581155132665445 35 38 33 413.29 91 0 93 0 94 0 
204 -0.9140007232602629 0.5572647666138247 -0.46425450234654997 67 59 37 306.28 91 0 93 0 94 0 95 0 
205 -1.0317493921877467 0.284781856000759 -0.4696882705418167 18 30 23 261.93 91 0 93 0 94 0 95 0 
206 -0.20337526546292217 0.08950406239778219 0.5430403680207139 153 145 135 425.75 93 0 94 0 95 0 
207 -0.006476104310725983 -0.22787831028763395 0.5974926978557 93 88 85 335.73 93 0 94 0 95 0 
208 -0.31322370665588295 0.2290851083169011 0.45762008074977056 153 141 137 455.52 93 0 94 0 95 0 
209 -0.09909164041858798 -0.07887869438940276 0.5424787035581591 148 136 126 363.35 93 0 94 0 95 0 
210 -0.2809520425235994 0.1948912885389643 0.4547390858290332 143 141 132 438.22 93 0 94 0 95 0 
211 0.12045135223878423 0.4799146871542853 0.4117432187860839 56 63 71 502.51 93 0 94 0 95 0 
212 -0.31327726157590785 0.19296553367963243 0.4245111029401336 125 122 117 428.31 93 0 94 0 95 0 
213 -0.2107252722555395 0.041573803151842115 0.45132890114995683 169 163 151 375.99 93 0 94 0 95 0 
214 -0.2557424505678272 0.11921689321230067 0.42945113458961814 138 144 144 398.15 93 0 94 0 95 0 
215 0.12384339086542129 0.4388307056896562 0.3994364251293727 59 59 57 482.18 93 0 94 0 95 0 
216 -0.22668179187321957 0.04266121862910455 0.42344403557597854 139 126 117 367.06 93 0 94 0 95 0 
217 -0.11875671346179484 -0.14612505079716798 0.45435874675228516 78 87 101 315.62 93 0 94 0 95 0 
218 -0.14405754893620593 -0.09354112529158198 0.43944541112271795 150 140 124 326.1 93 0 94 0 95 0 
219 -0.2660029313845289 0.06730746373781427 0.39786557348432394 160 161 153 368.19 93 0 94 0 95 0 
220 0.6899689072645665 0.892988271612804 0.30959484322453545 44 50 59 578.7 93 0 94 0 95 0 
221 -0.2670652648003733 0.0902972869187838 0.38367795185841524 147 141 134 371.19 93 0 94 0 95 0 
222 -0.2848998701755967 0.11620164232583263 0.37570564103386794 126 124 121 378.61 93 0 94 0 95 0 
223 -0.24204999009987782 0.03194699872180096 0.39168398226193535 133 122 112 352.53 93 0 94 0 95 0 
224 -0.34162167830561874 0.19657608989512843 0.3390468324281173 147 146 140 398.89 93 0 94 0 95 0 
225 -0.31211770618725776 0.12211010432380032 0.329437575309234 144 134 125 364.78 93 0 94 0 95 0 
226 -0.2204720810653038 -0.02321257193741555 0.3593842867791037 152 149 145 321.96 93 0 94 0 95 0 
227 -0.3392570251927456 0.12595512753938765 0.315954090103419 142 137 131 362.35 93 0 94 0 95 0 
228 -0.3355177313641282 0.17628109449980112 0.3044913749154903 167 163 152 377.36 93 0 94 0 95 0 
229 -0.33433187744237713 0.16335773405462406 0.30542884003008397 126 117 108 372.57 93 0 94 0 95 0 
230 -0.24228116133060684 0.001873394383085203 0.3311910612132025 129 119 110 320.56 93 0 94 0 95 0 
231 -0.23758348382968375 -0.031053505945203175 0.3255021142088814 118 112 109 307.87 93 0 94 0 95 0 
232 0.10955813052757568 -0.4576256562574167 0.40494363560945024 142 164 187 240.63 93 0 94 0 95 0 
233 11.984909309432016 5.192966156483902 -0.3098243021760123 140 161 196 nan 93 0 94 0 95 0 
234 -0.33053785011804493 0.12329077390285648 0.2850007624930724 138 130 121 349.28 93 0 94 0 95 0 
235 2.925048680477657 2.4507753313988085 -0.04139846280213755 180 197 200 2435.92 93 0 94 0 95 0 
236 -0.3976822776490354 0.21369464026343887 0.2670057521835292 125 117 114 381.23 93 0 94 0 95 0 
237 -0.35750236520272693 0.1723689023184728 0.27427270303497076 139 135 125 365.37 93 0 94 0 95 0 
238 -0.22564666049867066 -0.04741399645326705 0.3089014750254404 160 160 158 296.63 93 0 94 0 95 0 
239 0.06258157484664206 0.4629301223506518 0.22056933907370935 107 113 117 437.14 93 0 94 0 95 0 
240 -0.36161002715820567 0.1694876557962356 0.26112046071624384 130 124 119 359.42 93 0 94 0 95 0 
241 11.767294660962236 5.126149767288739 -0.42948031385995566 140 169 182 nan 93 0 94 0 95 0 
242 -0.15383129757568437 -0.1683442982860629 0.3142220886364189 144 133 124 264.25 93 0 94 0 95 0 
243 -0.32210571283089173 0.10760115112540147 0.25534324463351643 159 155 149 331.97 93 0 94 0 95 0 
244 -0.2913955596002573 0.006341472929963898 0.27170874782452104 149 147 144 301.64 93 0 94 0 95 0 
245 -0.3648119093387159 0.14788756132633518 0.24561175907885557 152 147 137 345.15 93 0 94 0 95 0 
246 -0.004647145910237516 -0.4021373589582168 0.3378640640465018 146 141 136 229.97 93 0 94 0 95 0 
247 -1.328721951114792 -0.25041057645872444 0.3140842387370928 17 25 25 295.63 93 0 94 0 95 0 
248 -0.35253855671411083 0.14535978832794172 0.2305836957428975 132 128 123 338.05 93 0 94 0 95 0 
249 8.643519526858444 4.610570759138742 -0.6754472606679136 189 204 208 nan 93 0 94 0 95 0 
250 -0.11308670785679009 -0.3089458963288013 0.2686576578353457 149 143 135 222.27 93 0 94 0 95 0 
251 -0.3937656617769676 0.17229939198458177 0.19407364847135256 133 128 122 336.34 93 0 94 0 95 0 
252 -0.18079477078390793 -0.16164372707303631 0.24123392889744166 132 131 126 241.78 93 0 94 0 95 0 
253 -0.3698723543078808 0.12979071705275091 0.19693057470007025 128 124 121 319.91 93 0 94 0 95 0 
254 7.384558410269974 3.70846282513272 -0.6547884202582569 63 93 98 nan 93 0 94 0 95 0 
255 0.07122685501204806 -0.5151834929200702 0.26003263284396505 167 199 220 207.4 93 0 94 0 95 0 
256 -0.06952774816982332 -0.3791023779950672 0.23510615006243651 140 126 117 205.15 93 0 94 0 95 0 
257 -0.3032912797233336 0.009734785861901574 0.18269441214870286 101 98 101 270.37 93 0 94 0 95 0 
258 7.34844051168077 3.8732720934192604 -0.7446592508671693 124 180 190 nan 93 0 94 0 95 0 
259 0.9247059525173857 -2.03920036092567 0.43987510506821215 109 89 89 512.72 93 0 94 0 95 0 
260 -0.39319529350356675 0.10345742643600764 0.16051127001102783 129 125 120 296.53 93 0 94 0 95 0 
261 0.06468902212021899 -0.5155697935474682 0.2280892970275299 121 138 146 201.27 93 0 94 0 95 0 
262 7.0420770749307104 3.8099431032401356 -0.8524590733968332 90 135 121 nan 93 0 94 0 95 0 
263 0.8957131197130621 -2.0132596709056143 0.37410248439423577 197 184 181 511.59 93 0 94 0 95 0 
264 0.01972998755151778 -0.46370517548775714 0.19323794498233338 111 127 145 193.07 93 0 94 0 95 0 
265 0.010471593331471407 -0.4623987651614866 0.16423322629076087 103 128 138 186.55 93 0 94 0 95 0 
266 0.03182906809808017 -0.5194757071305368 0.15807479225644827 151 166 176 188.11 93 0 94 0 95 0 
267 -0.38492134681659973 0.07842666799918263 0.10517757795342453 135 129 122 266.43 93 0 94 0 95 0 
268 -0.4043992146953035 0.12238920046444235 0.09539759091690847 122 119 114 279.94 93 0 94 0 95 0 
269 -0.3468713238930694 0.040266385236919944 0.09965642844516509 128 123 113 250.58 93 0 94 0 95 0 
270 6.796407353432318 3.8095872766179677 -1.1309034829641142 76 83 86 nan 93 0 94 0 95 0 
271 -0.29921880024542347 0.3017619390693529 0.03184011199675507 67 72 90 328.19 93 0 94 0 95 0 
272 0.046239728759227106 -0.5999098341044274 0.10665092939963361 123 113 129 188.92 93 0 94 0 95 0 
273 0.44740003078853374 -1.365073233994373 0.16598510563868696 135 143 161 365.56 93 0 94 0 95 0 
274 -0.36126186543696237 -0.004364119716102066 0.053180764123229585 130 127 121 218.32 93 0 94 0 95 0 
275 -0.057546467825681624 -0.502870802697262 0.08445250004579363 60 57 54 172.03 93 0 94 0 95 0 
276 0.5661171861397176 -1.5249900747636036 0.15356941935617674 140 159 183 407.26 93 0 94 0 95 0 
277 -0.3858626101409506 0.050560602830139634 0.0468275427013658 117 115 111 234.83 93 0 94 0 95 0 
278 0.1207800582351084 -0.8422149661387612 0.09886345919732054 151 145 142 236.59 93 0 94 0 95 0 
279 2.3454832361110145 -3.588910903221759 0.17030258928877728 52 61 68 961.32 93 0 94 0 95 0 
280 0.5219542809401145 -1.4573088652062531 0.09110969026772775 237 247 250 394.68 93 0 94 0 95 0 
281 0.5529719885900133 -1.5191112506517757 0.08583225086468671 188 205 222 410.97 93 0 94 0 95 0 
282 -0.22218117904285517 -0.2567444289992632 0.022532616638758052 139 136 133 153.52 93 0 94 0 95 0 
283 -0.32027040578814736 -0.08462263125125469 0.011804902212300128 104 104 108 180.52 93 0 94 0 95 0 
284 -1.3953177292295629 -0.4193959854086883 0.20139605759605073 20 22 21 277.95 93 0 94 0 95 0 
285 -0.1420079255844291 -0.40926447621386985 0.018993640151074853 137 125 121 150.2 93 0 94 0 95 0 
286 -0.44122862223126 0.11081220883402876 -0.015457208118254018 132 132 127 234.79 93 0 94 0 95 0 
287 -0.17771669699448722 -0.3698695898997043 0.0031137125510078967 129 122 114 144.16 93 0 94 0 95 0 
288 0.6128543838237388 -1.7552580587485997 0.056985583570253295 172 177 177 473.01 93 0 94 0 95 0 
289 -0.4108193586847486 0.054414181354986435 -0.018414521825380392 130 132 130 212.33 93 0 94 0 95 0 
290 -0.4761498973248921 0.15355552746941614 -0.03466304127606468 108 106 101 245.47 93 0 94 0 95 0 
291 0.8856901050416486 0.9489838196902883 -0.3493135821305082 56 72 93 401.46 93 0 94 0 95 0 
292 0.5365891476749585 -1.5524522728871915 0.007744691623701394 152 151 173 425.75 93 0 94 0 95 0 
293 0.13491259129133804 -0.959395223766577 -0.006756049903703154 149 150 153 268.38 93 0 94 0 95 0 
294 -0.03168883792140065 -0.6420413231994234 -0.02813744461773826 142 135 135 183.79 93 0 94 0 95 0 
295 0.19260659640921207 -1.08165496970053 -0.018851617739683135 170 161 155 302.62 93 0 94 0 95 0 
296 -0.4661051405423211 0.22977041148125765 -0.0633910321733 101 104 114 268.64 93 0 94 0 95 0 
297 -0.457330044062346 0.094350016093807 -0.053991042925530364 120 118 113 214.29 93 0 94 0 95 0 
298 -0.3920921136369655 -0.025214760658460178 -0.051937414441872276 124 122 114 173.5 93 0 94 0 95 0 
299 -0.49893019450211806 0.18596065725090039 -0.060246522738771846 90 92 98 250.58 93 0 94 0 95 0 
300 0.49288373260785634 -1.5859722257100968 -0.02589894599463527 83 84 96 437.31 93 0 94 0 95 0 
301 0.354001832932056 0.6633391758473922 -0.26811001529676215 68 69 87 346.89 93 0 94 0 95 0 
302 -0.13427113623697062 0.41348388318407203 -0.1612408544557773 71 59 69 305.75 93 0 94 0 95 0 
303 -0.39640619195607574 -0.0690711872581139 -0.06121427549848124 132 131 122 156.74 93 0 94 0 95 0 
304 1.1280287775231383 1.093263052123501 -0.4921449586102826 55 50 52 406.76 93 0 94 0 95 0 
305 -0.5267036482773988 0.20475863301973185 -0.08054215625337924 98 102 107 252.29 93 0 94 0 95 0 
306 -0.5062594996185785 0.18251092643444455 -0.08848382586831471 97 90 89 239.34 93 0 94 0 95 0 
307 -0.23840009059683887 0.35918282235311405 -0.16372424112181183 102 113 125 286.48 93 0 94 0 95 0 
308 0.08243354366879552 -1.0111788426705741 -0.10091370020513635 183 183 186 288.62 93 0 94 0 95 0 
309 0.10486174339570087 -1.0638046501344731 -0.10407557569319281 207 204 200 304.05 93 0 94 0 95 0 
310 0.2756419069745504 -1.2403447799319505 -0.12093702477447121 137 122 126 353.76 93 0 94 0 95 0 
311 -0.757128033068386 0.004942598004615939 -0.04436751120224347 59 72 62 174.45 93 0 94 0 95 0 
312 0.07806122407723426 -1.0249623986010223 -0.16049358410767822 203 217 220 297.03 93 0 94 0 95 0 
313 -0.1537686376263121 -0.5346784659983724 -0.1597506915424285 173 161 149 148.03 93 0 94 0 95 0 
314 0.10758225113897413 -1.002092505855767 -0.1723875513015487 80 81 85 290.52 93 0 94 0 95 0 
315 0.1013867700408948 -1.0753314423208276 -0.16839239166736952 206 202 197 312.41 93 0 94 0 95 0 
316 -0.12563266022486363 -0.5900402846583309 -0.16747461265952235 157 145 131 164.55 93 0 94 0 95 0 
317 -0.07503454131453324 -0.6901923369031057 -0.17688732586990197 153 143 133 195.88 93 0 94 0 95 0 
318 -0.20017974292296925 -0.4483642361636896 -0.17499071325265403 100 97 102 122.84 93 0 94 0 95 0 
319 0.08303391985546371 -1.0191618587411457 -0.23004398657028413 128 120 108 300.8 93 0 94 0 95 0 
320 -0.13407941807315105 0.44636457957414544 -0.331072675758886 62 65 67 270.25 93 0 94 0 95 0 
321 -0.5855726214947699 0.24517023264797044 -0.19983441182156714 71 81 83 234.11 93 0 94 0 95 0 
322 0.2483393483179872 -1.3754940084850622 -0.3031314727981518 102 82 82 409.4 93 0 94 0 95 0 
323 -0.3540053557519691 0.30965951199647257 -0.29088541343660834 94 119 140 231.59 93 0 94 0 95 0 
324 0.35991338381587146 -1.5338222120000418 -0.41473288025522004 104 85 92 461.74 93 0 94 0 95 0 
325 0.3133965252505686 -1.5511708386345802 -0.4026184411830125 115 93 97 466.66 93 0 94 0 95 0 
326 0.1352292157387338 -1.246001326819591 -0.40313078399953606 169 157 152 385.73 93 0 94 0 95 0 
327 0.19781212686529326 -1.375105280212004 -0.4160955195350081 193 178 173 422.69 93 0 94 0 95 0 
328 0.346283706806928 -1.537715906345686 -0.4524569044258647 111 86 94 467.06 93 0 94 0 95 0 
329 0.34136342888029225 -1.5779106939777643 -0.44993559709266073 72 56 62 477.93 93 0 94 0 95 0 
330 0.1363364023904985 -1.2581942836319517 -0.44324740186786993 206 199 192 393.29 93 0 94 0 95 0 
331 0.3171198245626514 -1.6266355656163956 -0.4817284147455869 84 100 103 495.35 93 0 94 0 95 0 
332 0.19700794449021064 -1.3912116091747575 -0.4685610478312493 186 172 171 433.08 93 0 94 0 95 0 
333 0.32946959559624633 -1.5405754395063211 -0.5039019339522088 80 60 67 473.54 93 0 94 0 95 0 
334 0.3042156902192299 -1.5752712202653165 -0.4938389094139547 98 71 78 483.14 93 0 94 0 95 0 
335 0.10035332942239439 -1.237348104783373 -0.4855968665990369 186 178 167 393.94 93 0 94 0 95 0 
336 0.2753399833263812 -1.566472106358943 -0.526426758758103 92 64 69 485.4 93 0 94 0 95 0 
337 -0.6770297327012136 0.7553072600859133 -0.35828782844662554 39 72 75 484.57 93 0 94 0 95 0 
338 0.1273603706335522 -1.3113519263740891 -0.5083209182493735 192 181 170 417.22 93 0 94 0 95 0 
339 0.19262973664688454 -1.406336318355646 -0.5397090735100392 139 117 118 445.58 93 0 94 0 95 0 
340 0.2868220506214023 -1.575220022707216 -0.5664138197230227 249 252 254 491.62 93 0 94 0 95 0 
341 0.1646024280067464 -1.4006423860141664 -0.5672761019739402 183 175 173 448.5 93 0 94 0 95 0 
342 0.24976238125813088 -1.5138668833281261 -0.5921773361342478 76 59 66 479.2 93 0 94 0 95 0 
343 0.27356711753654084 -1.6407657463069656 -0.6158734375098845 156 165 165 515.5 93 0 94 0 95 0 
344 -0.6756661498911658 0.7914948773298446 -0.4124862279569541 31 41 38 494.37 93 0 94 0 95 0 
345 -0.6030087171473388 0.8239925014767934 -0.47244135595036707 27 37 39 484.79 93 0 94 0 95 0 
346 -0.547178784386368 -1.2148381213220814 -0.5134325836853055 32 41 59 460.29 93 0 94 0 95 0 
347 -0.7501314851629255 -0.6757432006917138 -0.4909473923938913 13 15 14 292.03 93 0 94 0 95 0 
348 -0.7555875322502512 -0.9961421305225167 -0.5105856508504399 29 44 53 422.88 93 0 94 0 95 0 
349 -0.3563217289675089 -1.8441648828483523 -0.7113941652245654 105 108 108 653.88 93 0 94 0 95 0 
350 -0.837826099009976 -0.6972500138091761 -0.47473551827310523 16 22 29 315.99 93 0 94 0 95 0 
351 -0.8581743642940354 -0.7058772745280891 -0.47677799352224914 46 54 67 324.91 93 0 94 0 95 0 
352 -1.3819736988119642 0.1469599689251445 -0.2229598991775963 27 25 28 236.24 93 0 94 0 95 0 
353 -0.7192741682452106 -1.0932807189716347 -0.5896391804477178 52 59 58 465.53 93 0 94 0 95 0 
354 -0.9491230352827835 -0.7547464002315701 -0.47192346565369625 11 13 14 367.88 93 0 94 0 95 0 
355 -1.3973290596646164 0.12245255667219579 -0.22760279052419619 88 69 94 233.92 93 0 94 0 95 0 
356 -0.8292226549231732 -1.0662489391696797 -0.5475158890691394 112 104 106 475.11 93 0 94 0 95 0 
357 -0.8404074316307857 -1.0232494610862353 -0.5630793818102127 27 29 32 464.94 93 0 94 0 95 0 
358 -0.8816296835288489 -1.060701673089779 -0.5497319474672626 33 34 36 488.15 93 0 94 0 95 0 
359 -1.4016356844291389 0.15280973598515535 -0.2455415409279964 73 61 73 254.14 93 0 94 0 95 0 
360 -1.4187204183530167 0.13663742506249477 -0.23799626888533454 128 80 109 250.95 93 0 94 0 95 0 
361 -0.9098999967998078 -1.0902222047450456 -0.5544673221883838 97 98 120 509.21 93 0 94 0 95 0 
362 -0.8966839611385664 0.7323761264286021 -0.5679918707044262 16 19 17 500.23 93 0 94 0 95 0 
363 -1.4218647170539533 0.13561795075010596 -0.25040039130332037 86 29 38 257.25 93 0 94 0 95 0 
364 -0.9666273968165289 -0.7648524353869656 -0.5391949761003689 62 61 64 394.3 93 0 94 0 95 0 
365 -1.4282326762645563 0.1697308059101713 -0.2518059428308945 83 51 53 274.28 93 0 94 0 95 0 
366 -1.0176306577631062 -0.7920124076625318 -0.5177635440073126 65 66 71 415.99 93 0 94 0 95 0 
367 -0.9550377868827877 0.6579078565354236 -0.5476986223559625 22 39 35 473.41 93 0 94 0 95 0 
368 -1.401314770174007 0.08728150883180186 -0.2740616844124917 11 18 14 244.23 93 0 94 0 95 0 
369 -1.0805618230349614 -0.25919948586027497 -0.47269893478766456 31 49 27 222.6 93 0 94 0 95 0 
370 -1.0202696139758043 -0.572914830463905 -0.5183044804657471 87 78 80 327.93 93 0 94 0 95 0 
371 -1.04140509380826 0.3306857615791944 -0.4954353378056706 26 45 36 302.79 93 0 94 0 95 0 
372 -1.4317460702036744 0.14642195043705464 -0.2631121661789624 91 65 87 270.47 93 0 94 0 95 0 
373 -0.9552302136152244 0.6419643899668176 -0.5651667582232287 89 80 47 463.29 93 0 94 0 95 0 
374 -1.4377012015014214 0.1599903256231866 -0.26551283587016394 86 45 50 280.0 93 0 94 0 95 0 
375 -0.9956399059257421 0.5501293898836354 -0.5450296228327256 29 54 41 419.46 93 0 94 0 95 0 
376 -1.4193279027273462 0.11964893167094426 -0.282813629433575 30 24 23 265.48 93 0 94 0 95 0 
377 -1.0405716078919873 0.44300080169705847 -0.5273703474470031 9 17 13 368.67 93 0 94 0 95 0 
378 -1.0979545132975717 -0.24725561572843657 -0.5013223861837146 36 33 34 237.76 93 0 94 0 95 0 
